CH1,CH2,CH3,CH4,CH5,CH6,CH7,CH8,AccX,AccY,AccZ,GyX,GyY,GyZ,TimeStamp,label
14176.747000400228,9569.08208592269,1882.5396993825639,4520.045091024951,2324.7664404153757,17664.95883007961,14829.455636052156,4375.22099204785,71.801352,115.2893,212.727452,0.006091293,0.005017077,0.008520486,25:25.880825,1
14014.006422220913,9627.306280569097,1957.3085028408161,4511.206436818113,2156.83521279786,17355.00832733707,14936.382904500773,4433.825920560141,72.42396,115.5945,212.12926,0.027526785000000005,0.020935005,0.00231933,25:25.884013,1
14289.803829509572,9637.83549776923,1963.927910011726,4486.912290393187,2334.767684662231,17693.304279341108,14867.424615887863,4354.671802751806,72.231684,116.13165199999999,211.94919199999998,0.023217714,0.019116162,0.0035522369999999998,25:25.896124,1
13916.46415106378,9510.825529042286,1859.5295737834774,4556.62149765802,2148.9618595970314,17339.138502352685,14935.234254582712,4455.979539952577,71.46258,118.28026,211.22891999999996,0.00598143,0.01184079,0.008483865,25:25.905547,1
14339.368606675847,9646.93729251834,1973.5905780957976,4430.303399986726,2361.561552622821,17708.67947748662,14880.269583128811,4413.879126779253,71.331344,118.24974,211.29606399999997,0.00830076,0.00964353,0.009680151000000001,25:25.917679,1
13971.530739838374,9517.89393702595,1838.4767534905914,4623.260820394423,2048.8144921345265,17305.075431396355,14930.954381091573,4464.691917045572,70.8064,118.12765999999999,211.56464,0.01757808,0.0008544900000000001,0.014465295,25:25.924096,1
14177.43369524176,9591.100775801395,1986.654776549074,4447.2282670860195,2338.8085250673553,17666.46234857404,14839.703390452612,4317.114681865004,70.910168,117.86823999999999,211.59516,0.016210896,0.001184079,0.013720668,25:25.936782,1
14050.110541957078,9653.103457159834,1935.3420519240049,4485.647074158318,2191.165189802913,17401.66829512557,14969.538572446356,4421.1292974742055,71.32524,116.83055999999999,211.71724,0.01074216,0.002502435,0.01074216,25:25.948004,1
14260.615055379714,9542.524915033622,1872.1398383069068,4564.694585243435,2267.2952907551435,17613.92727013621,14844.511135252222,4477.893297083693,71.334396,117.08082399999998,211.68061600000001,0.009509253,0.002368158,0.009436011000000001,25:25.956250,1
13941.917638584742,9608.478541294797,1991.0604926319188,4452.948615518385,2210.664060732243,17403.6868313627,14965.37598453856,4350.892069779283,71.37102,118.08188,211.53411999999997,0.004577625,0.00183105,0.0042114150000000005,25:25.964230,1
14311.832740786593,9595.003025854758,1890.707398218489,4515.518269035424,2379.7679158573483,17693.04208495276,14871.932876287901,4385.8873306741825,71.20621200000001,118.368768,211.558536,0.007311993,0.004235829,0.005578599000000001,25:25.984376,1
13964.844939451756,9506.014526576697,1861.5454824032627,4604.484909577159,2052.82873365088,17279.4310507955,14926.698512660407,4529.3084364941,70.54697999999999,119.51632,211.65619999999998,0.018249465,0.013854945000000002,0.011047335,25:25.984387,1
14176.545350254499,9618.702856178625,1940.9693974377528,4478.4524026264435,2345.824631509674,17715.87865272955,14875.719616955565,4305.546454777493,70.71484,119.52852800000001,211.68366799999998,0.023364198,0.014623986,0.012976040999999999,25:25.996471,1
14054.589406345598,9542.350209879969,1897.970248910759,4535.626131877117,2083.511920156689,17308.741557393972,14905.372942576083,4438.657202964883,71.38628,119.57736,211.79353999999998,0.04382313,0.01770015,0.020690865,25:26.004306,1
14243.679976953212,9541.862825665836,1900.6094053501154,4520.330967698933,2310.3383766918178,17656.156429518094,14876.012615574864,4394.13568339031,71.435112,119.22027599999998,211.89730799999998,0.039391989,0.016259724,0.019604442,25:26.016299,1
14043.207223623587,9553.28878325086,1863.20687029147,4593.275783218019,2066.2949060278215,17302.738388853555,14929.110454177697,4526.911738850314,71.63044,117.79194,212.31238,0.021667425,0.01049802,0.015258749999999998,25:26.026811,1
14246.273923996341,9627.24811263459,1949.0051567338128,4447.965095762904,2363.5526779439924,17690.28750328261,14833.286931042338,4326.165556748265,71.81661199999999,117.642392,212.17809200000002,0.027209403,0.010021947,0.015478476,25:26.037193,1
14030.341799484662,9638.085593210684,1927.6816302824955,4500.653230932442,2201.7024309826993,17379.497703179884,14906.281699493,4231.244431673752,72.5613,117.0442,211.64094,0.049377315,0.008117655,0.01635738,25:26.044417,1
14219.852467365045,9460.36550918388,1823.3911750929856,4604.677155384497,2269.050896145041,17594.638241067834,14831.602299099406,4573.579740159561,72.04246,116.93737999999999,211.68672,0.041979873,0.00830076,0.015466269000000001,25:26.056398,1
14006.054530792364,9598.085116841874,1926.468410961797,4499.904534913011,2127.2511100336387,17333.594484583027,14924.088216784749,4408.23397768967,69.9671,116.5101,211.86983999999998,0.012390105,0.00903318,0.011901825,25:26.065793,1
14220.444727234008,9540.710789586166,1894.9652735171708,4523.942122740469,2275.750008559232,17651.075470341435,14834.753757265653,4330.563919246679,69.939632,116.699324,211.647044,0.019494579,0.009350562,0.012976040999999999,25:26.076959,1
14013.276820947887,9532.471340759945,1890.522768297192,4558.065934086434,2083.136509290216,17313.326545714703,14942.89255896534,4504.173459466465,69.82976,117.45621999999999,210.75585999999998,0.047912475,0.01062009,0.017272905,25:26.093439,1
14282.437714562475,9649.832130316561,1935.987231419103,4486.9548131131405,2365.4248673095576,17712.054627419195,14864.19893804469,4353.497932784837,69.664952,117.0442,210.884044,0.04062489600000001,0.009057594,0.016760211000000004,25:26.096438,1
14028.536994424567,9530.040953369504,1862.90438636297,4582.410048257551,2074.347221604234,17290.564954917158,14917.16875207636,4406.313660639547,69.00572,115.39612,211.39677999999998,0.01147458,0.00280761,0.014709434999999998,25:26.104432,1
14271.396965340746,9627.571245849682,1916.6808847661991,4478.227717580649,2379.683340687395,17692.92833162784,14820.403605636759,4333.178223334621,68.920264,115.600604,211.41814399999998,0.011389131,0.002917473,0.013256802000000002,25:26.116498,1
13947.358792104595,9480.075116665472,1875.4532392142326,4562.222946486865,2085.944958167446,17295.10953955944,14908.034035153843,4439.333570577714,68.57844,116.41853999999998,211.50359999999995,0.011047335,0.003356925,0.0074462700000000005,25:26.124770,1
14249.79157727834,9542.894834434448,1885.245581237872,4533.201034889894,2337.851268622641,17660.687690243747,14834.459517712556,4439.772197152134,68.61201200000001,116.88549599999999,211.36931199999998,0.013525355999999999,0.003015129,0.0068359200000000005,25:26.137965,1
14048.136431607016,9565.902741373598,1899.9991840034504,4545.881422042283,2060.0754423470007,17313.872894939523,14948.133262552277,4414.7103908424415,68.74629999999999,118.75331999999999,210.83216,0.02343744,0.001647945,0.00439452,25:26.144525,1
14259.68106684658,9559.201170643286,1899.8773237183173,4529.667785554458,2292.4312711714215,17648.645728592335,14789.873626913648,4334.560987377487,69.094228,118.40539199999998,210.868784,0.025573665000000002,0.002917473,0.004357899,25:26.156678,1
14041.622578348415,9593.294706303785,1814.4868596152887,4553.00049600374,2097.508536807231,17301.0915694118,14914.959505165072,4451.2598509813115,70.48594,117.01368,211.01528,0.034118565000000003,0.007995585,0.0042114150000000005,25:26.164620,1
14260.17644644366,9519.313486175422,1930.3890411287143,4536.047140156218,2275.8511002771816,17644.49838121297,14843.364569069376,4361.500181174497,70.507304,116.11334,211.13736,0.029064867000000005,0.0077148239999999995,0.004541004,25:26.176698,1
14031.699415066478,9526.074877506951,1872.15356105114,4580.297695250685,2077.5286147509028,17298.61986825881,14928.636508326492,4479.877009259824,70.59276,112.51198,211.62568000000002,0.008850075,0.00659178,0.00585936,25:26.191709,1
14199.666535133325,9618.15917808982,1934.6159212272833,4461.251384026289,2397.6078939993554,17708.3546598049,14806.233018136152,4305.07061576165,70.644644,112.56691599999999,211.689772,0.011755340999999999,0.010827609,0.004699695,25:26.196932,1
14063.19830982699,9495.452804412087,1828.3960814891884,4596.750684430826,2073.0822009704625,17279.839262965837,14882.810974805145,4434.302862277636,70.85217999999999,112.78666000000001,211.94613999999996,0.023376405,0.027770925000000002,6.1034999999999994e-05,25:26.204642,1
14290.691354566548,9568.97999073029,1917.4135225893046,4517.271778496682,2336.587662703253,17660.269472183776,14812.248159731575,4359.892961286874,70.58055199999998,113.226148,212.0377,0.022888125,0.026574639,0.000146484,25:26.221198,1
14028.430082223222,9496.177904320048,1834.6552457226976,4609.431167241814,2036.6507128894089,17268.242041595837,14888.801479145268,4464.9917858421795,69.49404,114.98409999999998,212.40393999999998,0.020935005,0.021789495,0.00048827999999999995,25:26.224726,1
14251.315802382305,9565.132456077963,1910.2157168147398,4507.78095660755,2291.1099761406285,17685.852011380997,14860.831772481386,4274.21148947444,69.350596,115.295404,212.446668,0.018872022,0.020556587999999997,0.002099604,25:26.236853,1
14061.901023298424,9542.082459017918,1860.9958050863613,4581.3892365320535,2071.1272056897237,17274.66227241609,14886.853553832483,4455.430736507463,68.77682,116.54061999999999,212.61758,0.01062009,0.015624959999999999,0.0085449,25:26.244731,1
14303.75125655327,9525.638963227362,1826.007180793101,4565.795156221515,2280.8442631408275,17658.754579776083,14814.346759675736,4429.191691505844,68.779872,116.36360399999998,212.623684,0.009130836,0.01513668,0.008361795,25:26.256852,1
14052.290744404012,9615.495725337096,2014.6209998416962,4471.70646955221,2160.9477665471777,17337.07611199451,14929.20458350768,4366.18076699505,68.79208,115.65554,212.64809999999997,0.00317382,0.01318356,0.007629374999999999,25:26.264852,1
14290.769671343389,9501.474691536423,1810.9894951673887,4596.8797038439025,2242.7665159561407,17604.570701421042,14786.813938181405,4373.884720316356,68.85312,115.451056,212.68472400000002,0.005700669,0.013830531000000002,0.008715798,25:26.276866,1
14050.006244952427,9488.685359647045,1845.725596721968,4615.149137085817,2019.1647521225702,17232.658459525985,14864.004506509064,4479.399383261383,69.09728,114.63311999999999,212.83121999999997,0.015808065,0.016418415,0.01306149,25:26.292247,1
14329.481895198105,9602.85476000488,1900.784933727319,4527.598101699883,2329.783766625804,17677.457907443895,14806.937786866027,4306.240864016524,68.91721199999999,114.895592,212.822064,0.014636193,0.015283163999999998,0.013012662,25:26.296880,1
14109.705381635382,9539.041138894745,1919.3070707204292,4523.684114722272,2119.248529557352,17310.900268247176,14899.87131986755,4427.49685653555,68.19694,115.94548,212.78544000000002,0.009948705,0.01074216,0.01281735,25:26.304883,1
14268.476924370992,9507.442899811665,1802.6475287825074,4567.278609351335,2264.435070138782,17641.933398789373,14811.056080292727,4317.20877360053,68.068756,116.058404,212.85258399999998,0.008105448,0.00915525,0.014208947999999999,25:26.324219,1
14122.919288190455,9507.604566395546,1908.1950800427996,4573.231317254949,2053.38922817631,17303.55387646702,14987.386985737408,4523.269364224214,67.55602,116.5101,213.12116,0.00073242,0.00280761,0.01977534,25:26.325040,1
14329.509452655251,9588.593001259276,1919.911628096478,4510.610024304526,2262.4390868457804,17629.824128863904,14751.353171892548,4251.651095146972,67.614008,116.613868,213.07843199999996,0.000695799,0.0074462700000000005,0.01855464,25:26.337274,1
14090.232723415573,9534.867187717291,1844.3649194376655,4647.090932326752,2002.1764439581416,17221.11866820352,14862.973048129663,4498.419196476922,67.84595999999999,117.02893999999999,212.90751999999998,0.000549315,0.02600091,0.013671840000000001,25:26.345014,1
14397.67207668631,9474.782068751218,1788.8666282899699,4649.892716425259,2194.2800283439587,17564.155447671645,14745.716093876832,4448.155277089278,67.864272,116.84582,212.79764799999998,0.007019025,0.028137135,0.011694306000000002,25:26.357204,1
14143.260937349467,9594.3159743317,1826.276710255741,4601.174758390702,2142.1606060371705,17337.306272597223,14893.755520099086,4379.555916310258,67.93751999999999,116.11334,212.35816,0.032897865,0.036682035,0.00378417,25:26.365032,1
14307.539186218151,9489.466697806536,1896.3498412241672,4543.69151857087,2276.1580202254504,17610.361433969938,14792.644299270745,4407.587692657368,67.549916,116.229316,212.5718,0.03167716499999999,0.032665932,0.005285631000000001,25:26.377090,1
14032.920514100075,9500.841096164562,1890.1391908958135,4521.984556401214,2094.4973135114055,17291.88806339961,14868.506627808421,4344.881108193644,65.9995,116.69322,213.42636,0.026794364999999997,0.01660152,0.011291475,25:26.388340,1
14508.012050312347,9581.431830641839,1875.8293662048322,4567.7194746860205,2191.2052355698943,17608.119572324307,14787.425774069085,4416.008707533836,66.118528,116.80004,213.65831199999997,0.023669373,0.015356406,0.012597624000000002,25:26.397091,1
14137.954039927907,9578.340865324935,1823.1112960458581,4597.14288314255,2098.0868463508027,17371.942546171085,15054.904916097172,4445.255401701803,66.59464,117.22731999999999,214.58612,0.011169405,0.01037595,0.01782222,25:26.405084,1
14394.48117244471,9437.423993572262,1836.6962184473512,4724.84705399702,2071.1845782934347,17538.35246925083,14746.634757374395,4469.707071298637,66.832696,117.46842799999999,214.64410800000002,0.009252906,0.015405234,0.015917928,25:26.417127,1
14125.969753641994,9546.335621773866,1895.219242355973,4550.146693154812,2116.3557028390155,17271.513007854985,14851.089521847363,4377.494004473114,67.78492,118.43285999999998,214.87606,0.00158691,0.03552237,0.00830076,25:26.425117,1
14460.826855261204,9584.679959315506,1852.112445155662,4493.851322693674,2326.8067371809057,17661.479982449862,14826.253637638172,4432.089129279428,67.577384,118.21921999999999,214.531184,0.008117655,0.036315825,0.009509253,25:26.437244,1
14115.689013729043,9495.502228843561,1832.1976207240696,4630.266821659918,2005.4933374567713,17256.01492646999,14866.693870901066,4437.924908136479,66.74723999999999,117.36466,213.15168,0.034240635,0.039489645000000004,0.014343224999999998,25:26.446097,1
14458.914682782512,9558.670257116904,1746.4989008931866,4753.187142529532,2089.9759445166505,17578.44945142991,14794.61366138293,4486.19714642935,66.25891999999999,117.553884,213.22187599999998,0.033312903,0.036205962,0.013842737999999999,25:26.457173,1
14148.020495661516,9459.43776578705,1808.0409964638825,4594.887439498159,2155.009547244097,17345.817380665852,14954.05471521386,4448.062841893679,64.30564,118.31078,213.50266000000002,0.029601974999999996,0.02307123,0.01184079,25:26.465203,1
14435.329768229461,9572.991215499338,1856.1917077126186,4555.721256518389,2299.425053081838,17666.563905512565,14827.376777748246,4345.515810522736,64.36362799999999,118.228376,213.93909599999998,0.029882736,0.020178171,0.009570288,25:26.477421,1
14212.025796781367,9533.385247944,1944.886351597993,4542.84669511625,2036.5319351264486,17329.8045819329,15051.89888688038,4508.051871053578,64.59558,117.89876,215.68483999999998,0.03100578,0.008605935,0.00048827999999999995,25:26.485222,1
14418.465063785223,9438.255016614194,1756.0062495052534,4656.155364467681,2220.0886758628667,17594.770250350353,14722.668816590527,4456.228123757814,65.248708,117.70038,215.50171999999998,0.03259269,0.016198689,0.0038085839999999994,25:26.497249,1
14185.428065611879,9547.657883912361,1917.791261349427,4523.990281332406,2119.995086981322,17345.891718507017,14985.289587235555,4452.308301018204,67.86122,116.90686000000001,214.76924,0.03894033,0.046569705,0.0170898,25:26.505539,1
14374.173774062592,9466.413832695218,1797.5435043201164,4691.396300024928,2199.057762786046,17621.791825662272,14775.313952097285,4457.536890899789,68.062652,117.10829199999998,214.1741,0.041711319000000004,0.049145382,0.019238232,25:26.517346,1
14131.917291607304,9560.789795430068,1905.8038506353212,4532.026572382877,2114.5351460610095,17280.61846462706,14855.492910603198,4418.718013036008,68.86838,117.91401999999998,211.79353999999998,0.05279527500000001,0.059448089999999995,0.02783196,25:26.525317,1
14475.886482623968,9479.98763954331,1776.867790255445,4597.072817636366,2264.252244113985,17673.67025720523,14823.946167641552,4420.506278152575,68.92942000000001,118.64344799999999,211.28690799999998,0.04479969,0.059045259,0.024377378999999998,25:26.537355,1
14267.954399267317,9513.53339813373,1737.5980252484974,4730.294283675599,2055.2110032193377,17254.530002514795,14883.124234879675,4551.656441613178,69.17358,121.56116,209.26038,0.01281735,0.057433935000000005,0.010559055,25:26.545446,1
14470.237377573188,9499.873717571336,1920.199900902818,4513.573765796841,2262.9862638929853,17663.223471527446,14847.226138458176,4377.484318268898,69.277348,121.344468,210.169876,0.025817805,0.051440297999999995,0.014550744,25:26.557402,1
14276.34985882703,9614.955609250082,1847.1711831010648,4588.415318293473,2067.2440940586207,17303.401575251883,14910.801196576524,4535.422998385729,69.69242,120.4777,213.80785999999998,0.077819625,0.02746575,0.030517499999999996,25:26.565487,1
14473.25024997428,9445.486210312274,1910.1033930703634,4545.841389338395,2269.448526936045,17718.096797914954,14988.311884132654,4497.83786261316,69.378064,118.96085599999999,214.161892,0.06916486200000001,0.029797287,0.028674243,25:26.578941,1
14214.844032569443,9628.78393946098,1836.6539183046068,4696.749442192786,2031.1411444690407,17310.00893999943,14931.932882225028,4511.764289515043,68.12064,112.89348,215.57801999999998,0.03454581,0.039123435,0.021301215000000002,25:26.585476,1
14437.64022671853,9402.98152837127,1824.741739074309,4548.433524114696,2291.409967308231,17634.010624154696,14747.709114601976,4471.5874251855685,68.76156,112.99114399999999,215.36132799999996,0.037060452,0.04541004,0.017687943,25:26.602544,1
14115.40061305039,9429.700163453228,1663.2550773423027,4707.789590198235,1968.2434645469668,17212.884028169814,14825.843036508188,4510.560647293953,71.32524,113.3818,214.49456,0.04711902,0.07055646,0.0032348550000000005,25:26.605582,1
14421.59562665744,9508.411107906526,1847.9467551329049,4543.686686294464,2328.9278531212167,17665.54705544494,14802.439100378298,4468.772824123061,70.397432,115.0604,214.26871199999997,0.045593145,0.063000327,0.003796377,25:26.617605,1
14127.627706253052,9584.607802057746,1882.739021327041,4763.097633806445,1943.5966430388896,17252.240773063677,14914.713624636925,4500.773265997744,66.6862,121.7748,213.36531999999997,0.039489645000000004,0.032775795,0.006042465,25:26.626906,1
14469.156660293203,9426.848004254947,1665.1797441280548,4807.527639133709,2268.6625657637264,17757.039461938133,14905.959545669306,4552.8352772036305,65.392152,121.765644,213.92688800000002,0.036804105000000004,0.028112721,0.005810532,25:26.637596,1
14017.532739729515,9531.61133118325,1886.0045285630476,4529.726627823549,1956.1877219615958,17220.543043379213,14853.485860478351,4444.754825466317,60.215959999999995,121.72901999999999,216.17316,0.026061944999999996,0.009460425,0.0048828,25:26.645627,1
14327.677492805024,9472.19571691423,1937.8509233248103,4528.907292832495,2353.053546121987,17667.97412708105,14829.556646606627,4476.818504765193,60.03589199999999,122.55916399999998,216.762196,0.022045842,0.008459451,0.010705539,25:26.657750,1
14181.202224698849,9573.10808676204,1788.3121942480998,4680.3419392184205,2037.6652970649557,17382.929341493065,15073.528346646704,4576.385150916245,59.31561999999999,125.87974,219.11834,0.00598143,0.004455555,0.033996495,25:26.665608,1
14468.083005426732,9503.578274973737,1937.089874941592,4534.345630448674,2261.886086282844,17643.2385711782,14773.271741520173,4462.049394111849,60.972856,125.92552,218.30955999999998,0.020129343,0.007788065999999999,0.032348550000000004,25:26.677691,1
14192.936372109561,9453.791685790737,1740.7133904745897,4779.090249529345,1962.1750995594568,17228.242511534972,14855.605476608505,4613.651868634556,67.6018,126.10864,215.07443999999995,0.076720995,0.02111811,0.025756770000000002,25:26.687349,1
14552.227176102122,9421.186862763609,1454.94979279244,4763.444902686145,2192.25284155562,17667.633993134652,14820.4525835799,4439.334732993459,68.157264,124.741344,214.43657199999998,0.06795636899999999,0.022326603,0.023229921,25:26.701614,1
14204.929578126932,9336.989681599585,1883.136966411495,4687.542197759239,2059.185838532167,17254.616033500435,14842.629955440356,4563.108559423287,70.37912,119.27216000000001,211.88510000000002,0.032897865,0.027160575,0.013122525,25:26.706812,1
14607.375312301388,9561.309879877923,1829.187883201475,4785.164427917402,2191.707278332044,17741.564161677223,14986.188812855995,4463.684500025354,69.317024,118.64344799999999,211.888152,0.027673269,0.025512629999999998,0.013012662,25:26.717809,1
14371.053547173316,9521.066935630606,1882.107455605065,4624.131702922059,2028.7010501780903,17278.43159721772,14879.261484365872,4578.889231515473,65.06864,116.12859999999998,211.90036,0.006774885,0.01892085,0.012573209999999998,25:26.725804,1
14734.793257268722,9520.424186451439,1780.456202942062,4610.934315037646,2183.801284094603,17645.192953052712,14822.318422807351,4495.733632950405,64.555904,116.06145599999999,212.14451999999997,0.008581521,0.017858841,0.011291474999999999,25:26.737782,1
14375.101856472873,9441.470020322919,1628.1897079581297,4748.450286179939,2096.7472229645587,17370.13776210451,15062.99204291734,4596.633222454421,62.50496,115.79288,213.12116,0.015808065,0.013610805,0.0061645350000000005,25:26.745867,1
14808.749098455552,9447.426789378715,1861.7242808697029,4711.486888174063,2174.441674707846,17544.252094716605,14631.828630660215,4514.131713281451,62.51716799999999,116.05229999999999,212.84648,0.014111292000000001,0.014392052999999998,0.006311019000000001,25:26.757820,1
14464.051277045472,9255.229748919644,1261.0332433815652,4990.882698167393,1809.9633255126882,17299.922072942853,14913.99598412581,4551.051123108855,62.565999999999995,117.08998,211.74776000000003,0.0073242,0.017517045000000002,0.006896954999999999,25:26.765794,1
14792.083501365163,9400.118939490423,1911.2167641642736,4673.0027296030985,2315.7023479732848,17610.656264238027,14758.827183119492,4470.4864252471425,62.54463599999999,116.65964799999999,211.622628,0.015905721,0.017236284,0.00695799,25:26.778290,1
14588.849950552534,9361.27388636224,1642.1081296459197,4705.075627016551,2048.4179633431568,17375.78660187196,15146.761358603228,4633.834113977008,62.45917999999999,114.93832,211.1221,0.050231805,0.01611324,0.007202129999999999,25:26.785986,1
14927.345399338083,9557.542829469285,2086.2533294341824,4654.727193246176,2290.9265506936854,17696.08881106716,14738.029758622008,4425.642483529555,62.266904,114.92305999999999,211.05800799999997,0.053771835000000004,0.017260698,0.009106422,25:26.804739,1
14791.049314728156,9467.464676001824,1494.7970125358397,5104.9888874030785,1699.5423100876592,17172.684962699168,14842.834727440892,4680.454834989772,61.4978,114.86202,210.80164,0.067931955,0.02185053,0.01672359,25:26.805988,1
15197.706572653417,9244.764336926519,1729.1538227401318,4556.688081018495,2325.694716008314,17661.8645442236,14784.577543017682,4451.048620068113,61.616828,115.90885599999999,210.731444,0.06160872900000001,0.021679631999999997,0.014392052999999998,25:26.818000,1
14831.106765418768,9531.586433323839,1808.489392307544,4684.538904703372,1969.2715004348825,17264.992690479354,14907.447931366773,4495.17943749024,62.09294,120.0962,210.45066000000003,0.036315825,0.02099604,0.005065905,25:26.825925,1
15348.20293814169,9315.05624078187,1575.8900772939724,4640.4133453543745,2245.6383732418926,17612.36321166461,14742.592794390768,4570.178350315402,61.888456,120.34035999999999,210.377412,0.032299722,0.021618597,0.004492176,25:26.838052,1
14786.669430368205,9424.924223212098,1685.6874314881698,4888.585013177615,2034.6873704668658,17372.427260317567,15060.874996808503,4602.20576641231,61.07052,121.31699999999998,210.08442,0.01623531,0.024108825,0.00219726,25:26.846044,1
15372.901804855763,9435.158281836357,1785.8041071062557,4570.114670229281,2275.778467857117,17690.3068312132,14862.546866613173,4610.197416273596,60.786683999999994,120.926344,210.224812,0.019872995999999997,0.025256283,0.004724109,25:26.858056,1
14731.021780649626,9313.302395179717,1712.977439771133,4840.353103809733,1953.2655778274288,17195.80815333976,14735.06586748483,4506.31741494741,59.65133999999999,119.36372000000001,210.78637999999995,0.03442374,0.029846115,0.014831505,25:26.866096,1
15373.25259177525,9414.358402513299,1662.7109408895728,4855.418812104943,2068.8052663319613,17670.436837689933,14904.792835828466,4560.4444136617185,59.764264000000004,119.23858800000001,210.58799999999997,0.031945719,0.030920331000000002,0.011987274000000001,25:26.878108,1
14882.389162906107,9471.696166198324,1775.659441379986,4771.27578908057,1913.7927792651512,17238.58986915157,14872.87748987282,4575.706892725246,60.215959999999995,118.73805999999999,209.79447999999996,0.022033635,0.035217195,0.00061035,25:26.886336,1
15423.732349113969,9342.159573381241,1669.66039932185,4752.438914438257,2335.6689935129084,17691.18563323992,14815.680758533166,4538.7919313134935,60.61577199999999,118.34740399999998,209.663244,0.024401792999999998,0.035595612,0.004943835,25:26.905881,1
14921.158902463212,9437.789748673322,1809.3930139154036,4630.658618520599,2042.655326456927,17255.31787604384,14843.050452058344,4577.72011289785,62.215019999999996,116.78478,209.1383,0.033874425,0.03710928,0.022277775,25:26.906140,1
15553.34271917718,9068.151264687043,1189.4052006415982,4969.02444019955,1992.0264758018343,17670.217211224422,15005.090178162212,4617.070151006927,62.04105599999999,116.546724,209.32752399999998,0.037280178,0.035534577,0.024255309,25:26.918418,1
15012.314147035762,9574.518979199956,2112.4983748704494,4583.306984345836,2187.249024161445,17235.788467841932,14712.630333398989,4520.242218559969,61.3452,115.5945,210.08442,0.05090319,0.029235765000000004,0.032165445,25:26.926121,1
15569.100502106721,9462.449601478078,1797.5495142767097,4601.6282102444075,2268.0680418277475,17720.753892923974,14972.164662634828,4519.313189619739,60.728696,116.27509599999999,210.37435999999997,0.049755732000000004,0.028515552,0.032043375,25:26.938185,1
15073.22308577226,9476.791599834736,1919.3500270071431,4574.861781333136,2163.8726589124863,17386.641213526204,14891.507015609963,4560.227232298508,58.26268,118.99748,211.53411999999997,0.0451659,0.0256347,0.031555095,25:26.946210,1
15562.545446031965,9335.180781094039,1599.4109928385813,4808.260928327079,2124.0836926627226,17543.90859600468,14654.265093107038,4463.930694491158,58.19553599999999,119.58956799999999,211.311324,0.045666387,0.028002858,0.028991625,25:26.960195,1
15223.323705469878,9281.148987140374,1514.7582639646137,4938.356846084016,1780.7658199754674,17192.698957344248,14916.838726215976,4757.6296889475525,57.926959999999994,121.95791999999999,210.42014,0.047668335,0.03747549,0.018737745,25:26.966407,1
15663.622321346349,9340.507561544471,1727.9396662927252,4725.729174296606,2386.9116674227057,17664.957852268864,14772.56726052034,4501.728680614263,58.15280799999999,121.960972,210.49643999999998,0.048156615,0.036718656,0.018847608,25:26.978760,1
15227.09789837329,9380.065078732565,1554.8879364842212,4826.3198918128855,1917.8898958074794,17295.233185333047,14965.25123563582,4590.730834391352,59.056200000000004,121.97318,210.80164,0.050109735,0.033691320000000004,0.01928706,25:26.987650,1
15748.314529495134,9394.924279745452,1794.557428755692,4714.19299719441,2170.338289167203,17606.52644928269,14818.73629932564,4512.007967728127,58.842560000000006,121.854152,211.408988,0.051354849,0.031652751,0.021496527,25:27.002529,1
15281.983832806989,9326.729123825857,1686.7897172785392,4786.51498685921,1916.2405251977186,17295.96663657861,14926.420599359111,4622.188635145341,57.988,121.37804000000001,213.83838,0.056335305,0.023498475,0.030334395000000004,25:27.008776,1
15743.940613471477,9287.5827368903,1616.6458294866795,4710.227721302371,2124.792778839636,17535.44857736518,14681.793425406304,4540.343603695954,57.862868000000006,122.44623999999999,213.95435600000002,0.046557498,0.022314396,0.03027336,25:27.018416,1
15306.030560817651,9368.109036369504,1764.280552479635,4685.857280114849,2126.4876763335515,17363.788178318402,14968.720516777385,4618.78673365521,57.362339999999996,126.71903999999999,214.41826,0.0074462700000000005,0.01757808,0.030029220000000002,25:27.027100,1
15850.38232340558,9288.614337824407,1636.0747419900529,4870.517487319382,2097.3461594716023,17491.007133503255,14649.85264906527,4532.3030345910465,57.710268,126.63053199999999,214.55254800000003,0.006909162000000001,0.018225051,0.032653725,25:27.038458,1
15324.562630508395,9374.23293713665,1603.3796074332147,4840.31977621459,1972.8479555215558,17266.913125140738,14861.366851132887,4576.723930321788,59.101980000000005,126.27649999999998,215.0897,0.00476073,0.020812935,0.043151745,25:27.046537,1
15860.843318850482,9291.242663062967,1721.6213141530775,4670.4933803517215,2206.078592294711,17600.097323025428,14779.777797437535,4493.423053323582,58.805935999999996,125.92246800000001,215.23009199999996,0.00939939,0.020251413000000003,0.040722552,25:27.059030,1
15383.433333183406,9265.215389872645,1577.3069990418007,4866.091628592347,1897.9844836206055,17273.679389163648,14939.573232074263,4601.416219474125,57.621759999999995,124.50634,215.79165999999995,0.02795403,0.018005325,0.03100578,25:27.069641,1
15919.641167449572,9417.326492099131,1776.0681007264532,4805.486979117869,2126.3272215936327,17631.589762345404,14809.76712261684,4529.262320698872,56.95337199999999,124.80238399999999,215.71535999999998,0.026550225,0.015258749999999998,0.027892994999999997,25:27.078444,1
15433.675501681446,9283.8098149786,1663.9448026181744,4669.071741182012,2040.6870246282317,17221.004703335147,14761.523534813354,4595.717865165752,54.279819999999994,125.98656000000001,215.41016,0.020935005,0.00427245,0.015441855,25:27.086451,1
15971.007513475537,9304.48236580431,1585.4270954284134,4829.972303615641,2111.8540546428594,17595.746479350946,14793.899597731786,4528.608025750211,54.469044,126.58475200000001,215.12021999999996,0.021569769,0.004138173,0.01721187,25:27.099791,1
15432.830498212366,9327.869861900708,1722.6024213433138,4798.468413718931,2013.4446984347971,17224.18750299981,14823.96889479247,4601.3297075899,55.225939999999994,128.97752,213.96045999999996,0.024108825,0.0036010649999999996,0.02429193,25:27.111651,1
16020.274604085775,9429.770630896484,1697.07994191677,4691.458335767655,2137.2836670926977,17653.479286978676,14835.025487219125,4449.571153323506,55.34802,128.32134000000002,213.453828,0.020458932,0.0046020390000000005,0.023095644,25:27.118716,1
15435.329869942401,9230.97391331162,1618.1120421090332,4851.073704557103,2045.5362738768217,17218.40157513919,14840.682853949038,4603.771523574165,55.83633999999999,125.69661999999998,211.4273,0.00585936,0.008605935,0.0183105,25:27.126615,1
16038.675333503474,9367.84653237567,1707.4059968311474,4724.956179480061,2160.2538073782953,17529.04159842069,14704.779326647531,4577.068676710319,55.60438799999999,125.507396,211.4273,0.012426725999999999,0.008618142,0.015661581,25:27.141278,1
15531.630505130062,9251.502663611991,1547.3940153383778,4859.023121140651,1905.6033448568319,17308.441930113593,14959.03134057894,4563.889558946125,54.67657999999999,124.75049999999999,211.4273,0.03869619,0.00866697,0.005065905,25:27.147972,1
16055.680621140384,9352.768645179556,1807.607574630864,4659.96048642805,2161.6686290600514,17543.28152673436,14653.94529358007,4480.7660586125985,54.609435999999995,125.49823999999998,211.50054799999998,0.032726967,0.008508278999999999,0.004077137999999999,25:27.158691,1
15508.313294602394,9326.290110790547,1653.3152849673904,4780.626598952396,1968.3781538464632,17278.423708090933,14904.433960189679,4526.322301945837,54.34086,128.48919999999998,211.79353999999998,0.008850075,0.007873515,0.00012206999999999999,25:27.167959,1
16130.226717199694,9334.997575730767,1634.5748879540622,4796.234955282318,2151.9162033172147,17604.288804718486,14757.580198407624,4589.84237940415,54.88411599999999,128.403744,211.53106799999995,0.010217259000000001,0.006970197,0.001147458,25:27.184321,1
15521.064944522048,9297.384745723899,1682.0394077749356,4796.272444004647,2003.2411207225928,17194.16599563093,14729.089537811218,4571.495534073873,57.05713999999999,128.06192,210.48118,0.015685995,0.003356925,0.00524901,25:27.186990,1
16055.57661814779,9357.79452105158,1652.9695449861338,4768.72032707829,2109.647634852977,17540.414727977164,14736.07279446322,4419.795502241648,57.31961199999999,127.387428,210.410984,0.012634245000000002,0.0046020390000000005,0.004199208,25:27.200143,1
15603.657446902153,9360.843575367786,1677.6278690018844,4745.445750470351,1948.0390689226417,17283.62444317685,14888.65739304083,4588.643527273147,58.369499999999995,124.68946000000001,210.1302,0.00042724500000000003,0.009582495,0.0,25:27.213705,1
16134.732754806388,9249.859696027755,1559.6507906139377,5016.863346394142,2008.8730046796318,17538.963356962777,14825.880796762209,4552.199475383235,58.427488,124.46361199999998,210.10883600000003,0.0019042920000000001,0.009411596999999999,0.002282709,25:27.218828,1
15566.492337955046,9295.087645283453,1622.7564011685813,4800.619871978374,1997.4939949245604,17242.07349172582,14733.87464162485,4593.317238442743,58.65944,123.56022,210.02338,0.007812479999999999,0.008728005,0.011413545,25:27.226816,1
16101.853589078415,9279.27250465901,1698.8578956071572,4765.399673725328,2125.712450506905,17528.26525346911,14642.70043419104,4443.971074851238,58.854768,122.962028,210.011172,0.008776833000000001,0.009533667000000001,0.015612753000000002,25:27.244975,1
15562.053097993437,9283.352954911334,1713.7628052138502,4684.299184866688,2041.3397150291762,17307.702319414326,14938.333533822646,4559.548063828452,59.63608000000001,120.56926000000001,209.96233999999998,0.012634244999999999,0.012756315,0.032409585,25:27.246898,1
16190.194330073582,9316.689424357191,1633.3021539254373,4679.698591801566,2221.696950284256,17665.838456682515,14810.480457892458,4537.760057354309,59.062304,120.926344,209.98980799999998,0.016381793999999998,0.012145965,0.028881762,25:27.258890,1
15612.005981498301,9454.225720866569,1816.8125975365776,4751.75091906768,1958.1086061760216,17185.23131431498,14762.241015009486,4455.367643326438,56.76719999999999,122.35467999999999,210.09967999999998,0.03137199,0.009704565,0.014770470000000003,25:27.266897,1
16177.63173743412,9326.767574935522,1569.775790246648,4844.22979239032,1989.7327177079999,17515.498643841776,14779.717145816714,4574.223785202771,56.019459999999995,123.20008399999999,210.12714799999998,0.028283619000000003,0.009289527,0.012377898000000002,25:27.281326,1
15654.585482111206,9269.329845453027,1647.1734089366732,4812.34153433531,2046.9892386440442,17255.722468702064,14762.709741155419,4585.110481809669,53.028499999999994,126.5817,210.23701999999997,0.015930135,0.007629374999999999,0.00280761,25:27.286825,1
16101.960279575858,9285.952577665292,1685.740552011054,4818.7766920718395,2069.1415154651236,17494.185824654833,14652.268825196134,4483.034084903919,53.492404,126.27649999999998,210.365204,0.019396923,0.007958964,0.0036254789999999996,25:27.298970,1
15609.189284110955,9309.037154581694,1627.9723186682002,4720.444596382986,2053.7959190560005,17336.450197564507,14915.767061024468,4562.969283153359,55.34802,125.05569999999997,210.87794,0.033264075,0.00927732,0.006896954999999999,25:27.315788,1
16152.368907896021,9262.20549811201,1653.0621006006454,4743.311602727037,2142.6274843788806,17529.476378721178,14663.711108843101,4413.494448336935,55.8516,125.11979199999999,210.53916799999996,0.030737225999999996,0.009179664,0.008203104,25:27.323734,1
15644.51427036549,9285.346445125988,1559.2094753548033,4961.555933453897,1802.6405396683417,17203.258925502618,14864.939412469752,4629.320947296566,57.865919999999996,125.37616,209.18408,0.020629830000000002,0.00878904,0.0134277,25:27.327052,1
16204.257182194813,9432.568729501367,1791.6075776397138,4643.180480737881,2175.3482235509478,17541.891422162058,14662.619014196058,4484.282066150801,57.33181999999999,125.84006400000001,209.20849600000003,0.020324655000000004,0.007482891,0.011010714000000001,25:27.339086,1
15688.554549401035,9326.075951740388,1625.9976680654156,4801.628651490611,2053.3237231585017,17229.83678192277,14798.126855612994,4561.172016976268,55.19542,127.69568,209.30616,0.019103955,0.002258295,0.00134277,25:27.346990,1
16230.32862354915,9233.001938154524,1534.234114227796,4803.265573270059,1997.629930088107,17536.742381592565,14729.786174266346,4567.895396943667,54.0967,127.92763199999999,209.608308,0.019934030999999998,0.004187001,0.002880852,25:27.359043,1
15604.319794706413,9316.336005434041,1763.781423338586,4756.325711630157,2023.417193857238,17272.09026929616,14865.402090173468,4487.859932746654,49.70182,128.85544,210.81689999999998,0.023254335,0.011901825,0.00903318,25:27.367133,1
16121.338532844256,9239.453023104616,1619.1714624202577,4820.165472455103,2139.1338755086535,17510.887147920243,14560.315423583244,4420.158242324224,50.361051999999994,128.5655,211.05800800000003,0.02392572,0.01196286,0.008398416,25:27.384782,1
15742.733025954727,9377.926384475059,1684.8215546147337,4765.338850375343,1975.14888170271,17294.370607525565,14828.62228119871,4590.234771371855,52.99798,127.40574,212.02244000000002,0.026611260000000005,0.012207,0.00585936,25:27.387045,1
16197.692887035513,9401.290656672267,1685.9659630312879,4695.914633004983,2102.4929877592394,17575.83385646501,14880.512792883188,4539.409980974061,53.785396000000006,127.533924,211.882048,0.022985781,0.011535615,0.004858386,25:27.399223,1
15688.501599488325,9238.28065194672,1603.248661629791,4872.428929650203,1935.306104591913,17146.403365823273,14606.22933105146,4536.235035144353,56.93506,128.04666,211.32048,0.008483865,0.008850075,0.0008544900000000001,25:27.407212,1
16117.598957279744,9272.572755186999,1622.0035316648987,4749.126899756984,2189.1789070971276,17550.376019190586,14670.668403568223,4376.791007611073,56.422324,128.33049599999998,211.50054799999998,0.008312967000000001,0.009130836,0.0033691320000000004,25:27.419185,1
15754.360662762832,9410.022607798404,1725.0763010626881,4749.090265911678,1977.7504763533204,17283.961101424382,14950.647164867993,4613.552275502665,54.37138,129.46584,212.22082,0.007629374999999999,0.01025388,0.0134277,25:27.427310,1
16151.203520152074,9146.151783381401,1472.8421204719111,4932.174343249948,1982.132335560173,17432.3005152245,14537.847428331437,4518.877373535679,54.60638399999999,129.285772,212.27880799999997,0.008483865,0.009924291,0.013330044000000003,25:27.439782,1
15673.576959289314,9294.177076199714,1699.9952723712245,4833.326527972665,1964.708342107982,17293.672931559482,14845.407495914484,4518.1533994613865,55.54639999999999,128.5655,212.51075999999998,0.011901825,0.008605935,0.012939420000000002,25:27.447392,1
16217.281332717777,9312.438856174873,1659.0244573826997,4710.302834522698,2144.339567810279,17540.5006099086,14722.16453662475,4492.749663893131,56.486416,127.87574799999997,212.31238,0.011730926999999999,0.007299786,0.012756315,25:27.459362,1
15721.231626175146,9374.010918448635,1612.0858536367518,4793.281687032171,1951.905940100475,17208.2408983275,14716.81349866954,4447.697281835803,60.24648,125.11673999999998,211.51886,0.011047335,0.00207519,0.012023895,25:27.467229,1
16173.45027428263,9256.318088598427,1697.5859381281675,4792.513674956518,2085.9861882377745,17488.513763037423,14647.307601128035,4523.264856634667,59.376659999999994,125.25408,211.476132,0.009191871,0.002539056,0.010119603,25:27.479349,1
15706.285056462788,9263.464192991878,1573.4745199578674,4820.899020779245,1956.8275403156017,17227.09965769361,14772.904644080825,4560.761441471342,55.89738,125.80344,211.30522000000002,0.0017700150000000002,0.00439452,0.002502435,25:27.487381,1
16171.412129207552,9359.150956913238,1683.352598640849,4761.43690007855,2108.181500531545,17525.484172502758,14660.099690660276,4400.303167069755,55.14964,126.343644,211.476132,0.00317382,0.005566392,0.006066879,25:27.500885,1
15714.687401439567,9277.007883946051,1586.0054555659992,4798.871828924817,2040.4382337174998,17270.952046587954,14779.193302067302,4501.611971287304,52.15867999999999,128.50446,212.15978,0.00878904,0.01025388,0.020324655,25:27.507373,1
16282.180145384516,9333.199230279217,1645.5583819053318,4827.193077869558,1971.9110624348782,17503.420072951016,14757.97798210384,4586.748822490834,53.001031999999995,128.57770799999997,211.97971199999998,0.009362769,0.010705539,0.018908643,25:27.520564,1
15683.72841235078,9230.407128465304,1624.9612200864792,4870.7439602139375,1958.1052042095682,17195.918119568774,14669.03129577889,4476.077694449728,56.370439999999995,128.8707,211.25943999999998,0.011657685000000001,0.012512175,0.013244595000000001,25:27.528184,1
16139.679702809643,9330.182951529385,1670.6723151858866,4732.844373610346,2137.692869067106,17554.467260595262,14727.752837236907,4399.114552512716,56.867915999999994,128.49530399999998,210.932876,0.013110318000000001,0.012707487,0.010827608999999998,25:27.539448,1
15717.242443287794,9292.67799175895,1654.090130351818,4784.09507067791,1938.0727995305547,17198.83430160353,14728.08267644199,4517.21633243973,58.85781999999999,126.99371999999998,209.62662,0.01892085,0.013488734999999998,0.001159665,25:27.549742,1
16202.318772559922,9303.481068464609,1634.5814781370088,4779.985468511356,2131.65391404158,17500.70787004996,14611.304342864707,4503.61025801335,58.421384,126.77397599999999,209.571684,0.016101033,0.013293422999999999,0.003344718,25:27.559419,1
15752.667974410182,9311.576574369468,1550.9424303926853,4915.076472367646,1879.4148825241882,17177.737157031035,14685.528390508038,4438.299258858247,56.67564,125.89500000000001,209.35193999999996,0.004821765,0.012512175,0.01208493,25:27.572243,1
16173.589868548428,9320.779036540087,1650.5405558033399,4793.7777952571905,2064.8221715702994,17494.391288621577,14679.978434857388,4460.633258441905,56.980839999999986,125.87058400000001,209.36414799999997,0.004833972000000001,0.013232388000000001,0.011206026000000001,25:27.584337,1
15712.820027097676,9304.127605687085,1579.625425120212,4778.096480087725,1973.3048311392777,17243.75062832099,14756.449978329116,4506.028060420528,58.20164,125.77292,209.41297999999998,0.0048828,0.01611324,0.00769041,25:27.587577,1
16195.645344835255,9194.172931715872,1645.060922158505,4822.632747436648,2139.700471461022,17657.331322721868,14829.749928780953,4441.646510054556,58.824248,125.21440399999999,209.32447199999996,0.006420882,0.016564899,0.010693332,25:27.602518,1
15737.861765714188,9310.114479105729,1588.37774949134,4863.708737130518,1835.5500450325865,17071.98038533895,14639.96987615528,4561.738919376398,61.314679999999996,122.98034,208.97044,0.012573209999999998,0.018371535,0.02270502,25:27.607627,1
16225.521176125063,9307.011806114042,1684.3990514120317,4697.744243306506,2190.0310940756963,17590.26596906603,14695.953518221475,4401.951152928634,60.786683999999994,123.16345999999999,208.958232,0.010827608999999998,0.018774366,0.02050776,25:27.623731,1
15680.307322074537,9355.378077425961,1662.4853302682477,4848.514231685845,1939.1805433292277,17175.45062869657,14670.428683503933,4547.459049960702,58.674699999999994,123.89594,208.90939999999995,0.003845205,0.02038569,0.01171872,25:27.632836,1
16156.643552519474,9261.892202792907,1541.2328305044416,4867.543547601622,1977.5047017522215,17421.79885232852,14589.507659946272,4380.525329343569,57.597344,124.97329599999998,209.11388399999996,0.007116681,0.020349069,0.011816376,25:27.639665,1
15744.62693388327,9287.795472410451,1619.644548276184,4876.154788468386,1920.5400448415944,17202.497900547132,14717.350513486137,4558.965646403208,53.28792,129.28271999999998,209.93181999999996,0.020202585,0.020202585,0.012207,25:27.647727,1
16195.770495208277,9222.937678323746,1551.0316872232968,4735.459765940696,2092.9540471853225,17518.243315601383,14708.669342904974,4467.538908623642,54.105855999999996,129.17895199999998,209.812792,0.019995066,0.019177197,0.010473606,25:27.659678,1
15709.485189609864,9321.565970696585,1630.8479017504517,4917.533120440389,1946.9267573214668,17307.93909628934,14845.527525901984,4433.808235925661,57.377599999999994,128.76388,209.33667999999997,0.01916499,0.015075645000000002,0.0035400300000000004,25:27.669156,1
16200.725826200238,9284.465440936388,1648.5577033384575,4685.946714486195,2128.47912237525,17483.3376800282,14594.237395237791,4447.223367844058,58.097871999999995,128.055816,209.16576799999999,0.016491657,0.012316863,0.003637686,25:27.681309,1
15711.9868428125,9249.114160318877,1580.2970178809396,4869.485759586607,1877.0340576599137,17162.870208760458,14663.118057408132,4527.927748527623,60.978959999999994,125.22355999999999,208.48211999999998,0.005798325,0.001281735,0.00402831,25:27.687818,1
16220.298707581911,9352.519713244019,1618.7380326231169,4915.591230028336,1977.0939133021043,17448.52197000261,14637.728130214096,4466.615359749055,60.55778399999999,125.70272399999999,208.476016,0.006005844000000001,0.001269528,0.00329589,25:27.699694,1
15695.74374148678,9167.012119948644,1574.539236742771,4746.9270372519795,1960.6633187812572,17194.61226544291,14678.437526982743,4477.447933989252,58.873079999999995,127.61938,208.45159999999996,0.0068359200000000005,0.0012207,0.00036621,25:27.707738,1
16158.1400559714,9344.5349713644,1663.787534581293,4828.449031979513,2113.553332264074,17476.412960633625,14595.70139109418,4432.098130264674,58.418332,127.74146,208.732384,0.00805662,0.001416012,0.002099604,25:27.724121,1
15728.411597691203,9264.916622089313,1434.9988622849964,4935.592629752222,1878.6456702422208,17242.058231356707,14805.737887831947,4443.8192480964335,56.59934,128.22978,209.85551999999998,0.012939420000000002,0.00219726,0.00903318,25:27.727866,1
16197.351193514483,9296.136386629641,1718.8925791824938,4726.202456635149,2083.389433153878,17485.611335729547,14599.889744691007,4483.968261767017,57.212792,127.851332,209.82194799999996,0.012463347,0.002160639,0.009558081,25:27.739878,1
15731.32538598272,9330.199548374241,1690.6358509477977,4841.010936991207,1894.069915495206,17213.941239891894,14761.151048138849,4454.457728302377,59.666599999999995,126.33753999999999,209.68766,0.010559055,0.002014155,0.011657685000000001,25:27.748741,1
16105.630167254049,9146.26102036909,1503.0514918467773,4872.184768801922,2053.1918294508514,17475.322186711426,14553.141008039205,4423.057699511762,59.858875999999995,126.18493999999998,209.632724,0.010095189,0.003259269,0.010021947,25:27.760833,1
15752.738136793045,9330.811374395578,1564.1567174868862,4810.361689000741,1886.7093147579587,17165.61113148595,14729.670931449113,4486.110164836768,60.627979999999994,125.57454,209.41297999999998,0.008239725,0.008239725,0.003478995,25:27.767884,1
16219.170361151433,9336.647321715487,1679.9901705919558,4784.20148137404,2154.7253195049857,17507.109628622886,14617.146394103213,4453.5541550253865,59.98706,125.617268,209.57778799999997,0.008520485999999999,0.007482891,0.003356925,25:27.781701,1
15697.747587651713,9299.191196876829,1640.1751553036265,4847.430898819257,1870.0991196240197,17155.048038129888,14648.193515856803,4446.49341903732,57.423379999999995,125.78817999999998,210.23701999999997,0.00964353,0.004455555,0.002868645,25:27.787962,1
16151.078910461583,9205.938464543662,1410.1252256308771,4827.596807147687,2085.2557370587633,17517.399199763804,14678.090676283362,4421.6340173849785,57.28603999999999,125.55927999999999,210.426244,0.007763652,0.004370106,0.003723135,25:27.800007,1
15751.230362306445,9192.655324424544,1596.0369742869689,4937.3420516772885,1828.278798028469,17139.1319068699,14648.145362331203,4489.4224599004065,56.73668,124.64367999999999,211.18314,0.00024413999999999998,0.00402831,0.007141095,25:27.807975,1
16131.470543021289,9210.91496687099,1547.9173737746542,4896.64265810745,2029.1599111558237,17449.58822458121,14581.578639172187,4426.712559802227,56.892331999999996,124.701668,211.253336,0.00036621,0.004797351,0.0067260570000000006,25:27.827791,1
15730.700243226776,9347.583065457131,1581.0922693663979,4829.8819054404785,1900.818785670702,17247.28584959864,14743.705165167257,4452.921381097114,57.51494,124.93361999999999,211.53411999999997,0.0008544900000000001,0.007873515,0.005065905,25:27.828306,1
16197.03803765633,9349.152572800207,1746.0670985913762,4708.540533528206,2136.839658599578,17520.19003315238,14772.094327171653,4485.962454336421,56.947267999999994,125.138104,211.61652399999997,0.0016113240000000001,0.008801247,0.005200181999999999,25:27.840153,1
15719.74565448449,9244.209777386626,1509.9944452430034,4920.483134194586,1814.2754442759033,17066.969285144467,14493.780246570172,4475.379228828587,54.67657999999999,125.95603999999999,211.94613999999996,0.00463866,0.012512175,0.00573729,25:27.851038,1
16139.818484971867,9252.930689937844,1646.8571195050033,4770.995621953134,2084.0473789367575,17491.91399322442,14648.884766814406,4370.4492729230715,54.700995999999996,126.10253599999999,212.08042799999998,0.006762677999999999,0.012731901,0.009179664,25:27.860166,1
15709.204554357924,9176.82902786163,1493.750809895772,4943.736766221087,1888.8138721545263,17188.146167902894,14610.721883763112,4462.442289974718,54.79866,126.68852,212.61758,0.015258749999999998,0.013610805,0.02294916,25:27.869183,1
16164.986273618697,9391.507780756932,1609.319223310859,4808.77710642958,2082.956650680368,17483.83210399985,14621.143191426736,4430.006090990682,55.561659999999996,126.859432,212.41614799999996,0.016528278,0.013293422999999999,0.019592235,25:27.880217,1
15709.418574019632,9144.526634861182,1551.580807319373,4856.6156912215765,1903.1728126013659,17219.193487899534,14777.773030078937,4465.860526108714,58.613659999999996,127.54307999999999,211.61041999999998,0.02160639,0.012023895,0.0061645350000000005,25:27.888292,1
16183.126495444134,9297.823908497327,1606.154778065397,4809.265590503458,2024.5709478711167,17398.95730343995,14534.335903452355,4395.0201778651635,59.242372,126.84417199999999,211.23502399999998,0.020349069,0.010546848000000001,0.008129862,25:27.900490,1
15770.954818984954,9349.582495079158,1639.856572380332,4832.030391254745,1907.99203527311,17236.208948897714,14752.92150494454,4478.919057654772,61.75722,124.04853999999997,209.73344000000003,0.015319784999999999,0.00463866,0.01599117,25:27.909584,1
16108.900139158368,9179.12651226803,1480.0348236356858,4879.807038266609,2112.2273557685257,17424.77288664603,14534.826911167238,4437.23685195264,60.939284,124.00276,209.70292,0.015722616000000002,0.004553211,0.014428673999999999,25:27.920196,1
15746.65763429437,9209.332026401724,1533.54739256207,5039.612819068294,1756.7512771616123,17149.64682742514,14654.392071711865,4489.248148397393,57.667539999999995,123.81963999999998,209.58084,0.01733394,0.0042114150000000005,0.00817869,25:27.929036,1
16165.767033728047,9332.01260529373,1586.4129837321445,4717.456398043132,2076.7013406374913,17461.38788942222,14578.460790556366,4308.27953622794,56.977788,124.732188,209.84331199999997,0.014294397,0.006018051000000001,0.008203104,25:27.941905,1
15721.521079417802,9225.625284285285,1571.2341102859093,4838.656641438069,1904.573859961165,17189.227461101305,14681.701072514416,4526.062697046402,54.218779999999995,128.38237999999998,210.89319999999998,0.002136225,0.013244595000000001,0.00830076,25:27.948362,1
16148.569026603966,9281.117788607484,1598.730048079146,4871.641369069652,2009.4736971423736,17421.228760328744,14588.368658315507,4429.01154840288,54.487356,128.68147599999998,210.99696799999998,0.0039794819999999995,0.013000455,0.01049802,25:27.966208,1
15746.92197220837,9235.318517859823,1470.0741464906957,4916.977360930554,1856.660356325085,17168.175319842576,14624.795387652135,4400.69005938038,55.561659999999996,129.87786,211.41204,0.01135251,0.012023895,0.01928706,25:27.968328,1
16154.028586210014,9299.409358639195,1660.3580147087293,4851.077578315706,2026.0729634105985,17445.30091449539,14657.486868827164,4390.356105389533,56.565768000000006,129.230836,211.088528,0.010681125,0.010913058,0.017431596,25:27.981926,1
15788.573391188702,9304.165047654466,1616.88245171317,4788.170122653207,1992.6348634953843,17287.863166448944,14731.349034054594,4516.616525527373,60.5822,126.64273999999997,209.79447999999996,0.007995585,0.006469710000000001,0.01000974,25:27.988304,1
16158.879643549382,9210.853844093044,1355.882972644507,5106.049648913778,1931.7404650410099,17394.73787338555,14535.20090783726,4391.572063710103,60.670708000000005,126.21545999999998,209.71207599999997,0.006677229,0.006115707,0.008068826999999999,25:28.000340,1
15692.142243810027,9201.363357211285,1633.7976510244653,4777.51862391791,1888.4109329321793,17105.166848789977,14561.310997155,4420.823355091033,61.024739999999994,124.50634,209.38245999999998,0.001403805,0.004699695,0.000305175,25:28.011183,1
16167.841535461592,9256.054082402978,1456.992802241548,4870.407767481369,1956.9942255690494,17381.89310251295,14563.676739534538,4433.743647162051,60.475379999999994,124.52465199999999,209.58389199999996,0.0018798780000000002,0.005737290000000001,0.000927732,25:28.020365,1
15727.703806044554,9261.662215283057,1685.7377840116264,4838.520981313444,1958.8123868286361,17234.283608081572,14667.977780983294,4366.372239715454,58.27793999999999,124.59790000000001,210.38961999999998,0.00378417,0.00988767,0.0034179600000000003,25:28.031163,1
16166.218451036335,9296.685554663012,1589.7598054503421,4836.462015525469,2052.4696680054767,17478.46918076727,14705.071494559941,4461.151975800065,58.558724,124.503288,210.233968,0.0036743070000000004,0.009411596999999999,0.004504383000000001,25:28.040554,1
15757.539579754337,9260.584436913217,1544.0928050664138,4920.134304319873,1868.795631395351,17187.865734336567,14603.802852403587,4440.585640455849,59.68186000000001,124.12483999999999,209.61135999999996,0.0032348550000000005,0.007507305000000001,0.008850075,25:28.051424,1
16110.805117985772,9283.972590475692,1595.651628744165,4807.130964576697,2057.5900800380823,17416.514533262216,14556.798607596527,4350.55717621495,59.413284,124.31406399999999,209.559476,0.00427245,0.007702617,0.008532693000000001,25:28.060573,1
15755.65769375236,9084.27679118825,1428.8424342455496,4941.6223555011875,1837.1277670835673,17137.730544041427,14591.932371162027,4489.051758476218,58.33898000000001,125.07095999999999,209.35193999999996,0.008422830000000001,0.008483865,0.007263165,25:28.068528,1
16138.738691132772,9409.955606183876,1573.699290508755,4868.700933683776,1995.2420756611277,17422.86689356637,14590.815121016081,4415.380084370797,57.90864799999999,125.617268,209.510644,0.007775859,0.007983378000000001,0.007873515000000001,25:28.080477,1
15739.876049508011,9193.54429904843,1438.6477675686622,4985.945954926469,1805.796266523895,17149.307242826842,14684.625598781675,4419.919262017567,56.18732,127.80249999999998,210.14546,0.005187975,0.00598143,0.010314915000000001,25:28.088493,1
16093.67687677627,9233.300281719123,1652.4408346275563,4845.0545408905955,2050.465812604478,17401.770218292128,14487.412922228506,4365.2594297210835,56.660379999999996,127.68347199999998,210.352996,0.005798325,0.004980456,0.010827609,25:28.105550,1
15729.298294053262,9244.858139349186,1555.1310694161682,4859.9903899215005,1894.185491878457,17203.903213061647,14688.330645403501,4436.57749024644,58.552620000000005,127.20736,211.18314,0.008239725,0.0009765599999999999,0.012878385000000001,25:28.108664,1
16126.874207474117,9236.462501905577,1574.4796471554432,4802.884828810551,2044.66240320629,17457.67811541266,14576.771640408411,4381.482763317256,59.221008,127.179892,210.86878399999995,0.010681125,0.001721187,0.010583469000000002,25:28.122040,1
15764.352994226656,9228.530221874727,1464.4890291172244,4972.804744598497,1829.1790361114756,17149.457247468355,14625.634015569503,4488.288082636279,61.89456,127.07002,209.61135999999996,0.020446725,0.004699695,0.001403805,25:28.134860,1
16086.849474872792,9231.268935292623,1538.918751917629,4869.717909961203,2008.4281848489195,17365.484599775467,14526.5573354363,4352.147974136793,61.13156,126.914368,209.65103599999998,0.016467243,0.0043823130000000005,0.002160639,25:28.140765,1
15731.436588254433,9290.765730482295,1526.7233459296415,4970.019292658949,1828.2091470610344,17131.785318943912,14582.634372386314,4390.696786160429,58.079559999999994,126.29176,209.80973999999998,0.000549315,0.003112785,0.005187975,25:28.148811,1
16060.3383258402,9175.349224799962,1519.7737827588285,4873.324316999316,2002.937455490194,17393.91550943419,14551.665529323864,4414.997129337136,57.42948399999999,126.224616,210.06610799999999,0.004248036,0.0033569249999999993,0.008288553,25:28.164630,1
15763.34484600832,9284.586464607648,1578.4754276625156,4901.3167067519635,1833.8341635480078,17187.376754197205,14657.987467690551,4393.542190157549,54.829179999999994,125.95603999999999,211.09157999999996,0.01904292,0.004333485,0.020690865,25:28.168694,1
16129.514889166909,9225.12017203787,1524.0168016416453,4869.570732171263,2045.4841439797165,17411.30829541615,14545.047769579527,4440.111854520192,55.55860799999999,125.95909199999998,211.143464,0.016149861,0.004772937,0.018090773999999997,25:28.184342,1
15697.79503283801,9256.397929727851,1508.0465623349105,4863.836691020127,1936.8718364771655,17268.630671527557,14687.975309858452,4340.9910730454885,58.47632,125.9713,211.35100000000003,0.004577625,0.006530745,0.00769041,25:28.190389,1
16107.309704219224,9162.791833714931,1498.5672066988802,4933.288305238419,1890.3984084798526,17341.405170551945,14577.222776219325,4443.972963382748,59.217955999999994,125.644736,211.18619199999998,0.005529771,0.005261217,0.008850075,25:28.200763,1
15773.574211236806,9316.498384118191,1582.656452710428,4905.93236011096,1879.3089147028743,17126.877356195953,14540.099796018094,4424.364011748683,62.1845,124.33847999999998,210.52696,0.009338355,0.000183105,0.013488734999999998,25:28.208879,1
16042.035609065706,9168.007411115857,1477.8774316503102,4913.466939007569,1988.003895193485,17366.174819103024,14519.319720259757,4391.511443619629,61.503904,124.19503599999999,210.737548,0.010937472,0.000451659,0.010803195,25:28.221726,1
15755.104393579464,9257.091165066973,1531.7864434193805,4874.546326769274,1913.927972605509,17252.13581525234,14675.103323719455,4406.154844152628,58.78152,123.62125999999998,211.5799,0.01733394,0.001525875,6.1034999999999994e-05,25:28.237667,1
16058.633402567042,9198.713113951935,1530.9489914815072,4953.850115552025,1961.6485046635448,17293.20430535201,14419.590165804397,4379.1609590954085,57.80793200000001,123.89899199999999,211.772176,0.014257776,0.003832998,0.004504383,25:28.241222,1
15737.51011284755,9220.134464544786,1448.7002437979547,4907.4149097440295,1840.793658578707,17166.799302769123,14625.630098184358,4362.013627778511,53.91358,125.00992,212.54128,0.0019531199999999998,0.01306149,0.022277775,25:28.251022,1
16076.004225755376,9183.750264158623,1535.8385978536305,4908.00966069363,1945.9162771322858,17351.074114280877,14539.673824335807,4364.97307443217,54.612488,125.87974,212.309328,0.006298812000000001,0.013415493,0.021630804,25:28.262330,1
15761.558772923847,9313.104855903615,1561.0104848332135,4851.062714182477,1917.4964504230843,17239.972107544454,14648.91209719491,4443.940201740807,57.40812,129.35902,211.38152,0.02368158,0.014831505,0.01904292,25:28.269004,1
16044.473591224678,9124.278141350163,1449.8913127780531,4981.697397155958,1955.6848608567682,17386.964712074627,14604.067347907723,4369.667199016463,58.619763999999996,128.101596,210.917616,0.019299267000000002,0.012707487,0.018127395,25:28.281349,1
15764.226765118505,9244.335546457973,1530.6966363190609,4942.875908042732,1833.9348482717578,17158.459911776063,14556.843234678341,4449.202104729691,63.46633999999999,123.0719,209.06199999999998,0.0017700150000000002,0.0042114150000000005,0.014465295,25:28.292955,1
16112.316645115226,9317.821905624805,1561.888133680371,4816.777887367961,2054.8466742247315,17405.321599626157,14601.736437466865,4366.522152746004,63.12146399999999,122.84910399999998,208.88193199999995,0.003918447,0.005200182,0.016308551999999997,25:28.301038,1
15708.326777003414,9169.515205756381,1412.557672986974,4985.048981704197,1798.246088178672,17090.21632995837,14467.695680449755,4369.7555515628965,61.74195999999999,121.95791999999999,208.16165999999998,0.012512175,0.00915525,0.02368158,25:28.308995,1
15992.35520657898,9212.163587563835,1564.7254451972244,4856.693734017555,2017.3560977800503,17351.30800246042,14454.171738350904,4314.585491129523,60.07862,122.79111599999999,208.55231599999996,0.011694306,0.010717746,0.020471139,25:28.323749,1
15778.041534069771,9153.559873834742,1438.7468578889936,4970.286243515076,1805.3720081347826,17120.09178494222,14559.053092284463,4486.154580913402,53.425259999999994,126.1239,210.11494,0.008422830000000001,0.01696773,0.007629374999999999,25:28.329085,1
16095.452512914606,9284.296647249601,1574.7533069340718,4905.571777611035,1947.7520792438613,17407.004819479458,14612.273144084853,4391.729195668004,54.047867999999994,126.453516,210.179032,0.008410623,0.016894488000000003,0.009216285000000001,25:28.341142,1
15722.168533543954,9117.914623285238,1426.4315076656426,4939.125268038313,1865.43954390722,17182.11263670974,14585.568216276926,4395.510929283622,56.53830000000001,127.77198000000001,210.4354,0.008361795,0.01660152,0.015563925000000001,25:28.349080,1
16077.751878648667,9369.13738182756,1620.983771570999,4854.991495306456,1982.8029879354713,17422.166958451453,14655.239249062206,4309.569251296989,57.463055999999995,127.61938,210.227864,0.006860334,0.01452633,0.013684047000000001,25:28.361198,1
15695.295978167449,9072.498704784226,1379.2878689871773,4984.224010912364,1843.5654419478,17121.95984657328,14488.940398974586,4427.597896707253,61.16207999999999,127.00898,209.39772,0.0008544900000000001,0.00622557,0.0061645350000000005,25:28.371489,1
16096.557843047718,9296.65974963401,1573.1809821593229,4914.563050316018,1959.857954491068,17305.298711769366,14485.399477270092,4385.166045549407,61.19259999999999,127.03034399999999,209.29700400000002,0.0023437440000000005,0.0055419779999999995,0.005786118000000001,25:28.384334,1
15751.44581960165,9218.106027094804,1504.516993999067,4915.533146823206,1827.0759720505582,17147.44236072212,14535.629370466719,4412.436696452112,61.314679999999996,127.1158,208.89413999999996,0.00830076,0.00280761,0.00427245,25:28.389234,1
16061.815800460987,9227.447352213465,1455.0457785990807,4866.253300541977,2046.8427917793529,17418.67898418777,14539.705302298655,4329.36677046551,60.95759599999999,127.14631999999999,208.93991999999997,0.008019999,0.0025756769999999997,0.005517564,25:28.401141,1
15732.836918252066,9223.740183918826,1511.0088859966254,4974.26524343886,1774.649159831606,17134.527411710777,14562.097268894277,4409.458122536094,59.52926,127.2684,209.12304,0.006896954999999999,0.001647945,0.01049802,25:28.414632,1
16042.497371445443,9181.07681957219,1493.3082559885297,4909.0187327188105,1981.5409247801722,17354.754462375513,14535.42411991203,4340.728050597158,60.02368399999999,126.84722400000001,208.997908,0.007031232,0.002282709,0.008923317,25:28.422651,1
15729.69896060251,9218.192490677513,1498.4786870794737,4917.720066807049,1887.5074643043888,17158.60422359796,14539.768158712144,4362.353308994146,62.00138,125.16252,208.49737999999996,0.00756834,0.004821765,0.002624505,25:28.429253,1
16074.068628469375,9188.854514432041,1420.6900481871926,5003.468414555074,1838.875489052943,17295.03041569453,14533.144527774723,4396.7593161327295,62.07768,125.2846,208.39056,0.006359847,0.004541004,0.004357899,25:28.441997,1
15733.05550595732,9213.822704010146,1556.569574397155,4902.663970230759,1925.6061078462183,17204.983657905475,14597.693906109325,4376.097298454366,62.38288,125.77292,207.96328,0.001525875,0.0034179600000000003,0.011291475,25:28.449320,1
16040.027034385534,9264.493992328233,1520.5147379105042,4930.205488637059,1914.4675046289915,17296.8417764642,14440.892482461928,4332.615621704813,61.46728,126.26734400000001,208.05484,0.002856438,0.0036865140000000005,0.010644504,25:28.463561,1
15764.442828777086,9198.08156823474,1456.8809312749343,4940.891679321864,1848.5814672070433,17157.36394973204,14523.192332925788,4365.48358136094,57.804880000000004,128.24504,208.42108,0.00817869,0.00476073,0.00805662,25:28.470809,1
16030.317224139877,9152.089536724792,1434.3199357664384,4966.658234687506,1902.8240136039149,17285.213005897745,14463.08080698998,4362.147717126376,57.402016,128.40984799999998,208.58588799999998,0.010534641,0.0039062400000000005,0.014367638999999998,25:28.482524,1
15726.242268078597,9221.026800644884,1499.9545472486816,4894.4104646550195,1909.7461523231445,17211.631263202336,14595.896782293788,4357.406850971531,55.790560000000006,129.06907999999999,209.24512,0.019958445000000002,0.00048827999999999995,0.039611715,25:28.489362,1
16085.662633714706,9214.342626806832,1513.0268220305065,4895.635609133052,1958.7144464491273,17354.33181730551,14555.029939808626,4376.0626188900915,56.730576,128.95005199999997,209.190184,0.016870074000000002,0.0021240179999999997,0.037377834,25:28.501365,1
15711.785857776142,9235.335355669804,1432.242539219372,5038.422066410446,1734.7610132659306,17091.135547479742,14461.41905271132,4322.911500298356,60.49064,128.47394,208.97044,0.00451659,0.00866697,0.028442310000000005,25:28.509406,1
16018.754313553523,9184.855903952212,1503.0181748314394,4918.014901445729,1963.3339191588614,17328.232266937644,14564.471966008263,4351.005648884854,61.598516,127.68957599999999,208.78732,0.005578599,0.009423804,0.023913513000000004,25:28.527595,1
15739.377787797004,9215.327902200383,1467.1415440982787,5012.287911208612,1849.0467628147405,17183.74649547638,14515.03504191032,4334.898236057792,66.03002,124.55211999999999,208.05483999999996,0.009826635,0.01245114,0.005798325,25:28.529773,1
15975.217464930378,9142.580427496121,1411.1106645488067,4962.7694700099355,1926.5855541915685,17306.976291627834,14448.265472842182,4371.504543514153,65.39825599999999,124.100424,208.19828399999997,0.010156224,0.012426725999999999,0.006140121,25:28.543915,1
15694.539704748924,9189.2938952035,1506.8597049115228,4912.778381163914,1863.954072917244,17154.68255256695,14548.519876849989,4361.158649624065,62.8712,122.29364000000001,208.77205999999995,0.01147458,0.012329070000000001,0.007507305000000001,25:28.549469,1
15965.895887506089,9291.25305835722,1563.2526639551884,4866.191201014257,1953.2155542824646,17319.563651252847,14522.76922781819,4338.292439580584,61.857935999999995,122.78806399999999,209.110832,0.013696254,0.010156224000000002,0.006201156,25:28.573647,1
15667.169370544962,9204.41360078541,1443.9170707449912,4986.882089962299,1846.9320970693648,17143.19260260858,14445.395263487724,4312.248132183974,57.804880000000004,124.76576,210.46592,0.02258295,0.00146484,0.0009765599999999999,25:28.573655,1
15952.741390946714,9187.48465166275,1434.1617328026393,4905.093520535351,1925.0767517731474,17339.25099380375,14563.858231555332,4352.285572719429,57.53325199999999,125.321224,210.60326,0.021862737,0.001428219,0.00292968,25:28.581546,1
15701.817967716319,9184.755637023414,1487.9623017948081,5103.809840995874,1778.1807232191077,17152.413573859474,14524.706454254327,4373.99051265053,56.44674,127.54307999999999,211.15261999999998,0.018981885,0.001281735,0.01074216,25:28.589792,1
15899.510920309074,9150.825791909168,1449.7314212033048,4910.552433575388,1941.1108206602325,17264.247548331303,14430.131923895324,4305.163527199211,57.063244,127.65295199999998,211.04579999999996,0.017394975,0.001489254,0.010229466000000001,25:28.602507,1
15650.164667406294,9225.691123048931,1526.487039167585,4913.326413433309,1881.3897477143043,17214.45673940868,14588.05381193773,4350.946963120316,59.52926,128.09243999999998,210.61852,0.011047335,0.00231933,0.00817869,25:28.609662,1
15931.329171159916,9278.117079555172,1492.846528454343,4893.489204111858,1974.139582280967,17352.708443737876,14475.566244684805,4235.082817281139,59.66049599999999,128.17484399999998,210.36215199999998,0.009790014,0.002160639,0.008447244000000001,25:28.621615,1
15686.548752374601,9109.842302945593,1393.6577768653174,5060.18476279759,1760.2047772860037,17065.56630834465,14462.546472991316,4421.879180056609,60.18543999999999,128.50446,209.33667999999997,0.00476073,0.001525875,0.00952146,25:28.632812,1
15906.294727018787,9174.440996179586,1470.6062014222084,4939.278771590951,1912.589588395052,17277.915827278608,14462.355544878388,4347.887662954684,59.892448,128.361016,209.40992799999998,0.00537108,0.0014892540000000002,0.009973118999999999,25:28.651040,1
15685.514027350791,9191.316057893975,1475.961090357822,4962.23696638601,1845.3700256190427,17176.297779116056,14562.860955545306,4350.006522310474,58.720479999999995,127.78724,209.70292,0.007812479999999999,0.00134277,0.011779755,25:28.651050,1
15957.573955220301,9257.909039848757,1549.9318368070385,4875.554271994086,1961.3648868672906,17312.269221110793,14513.608038743128,4354.243623139489,58.561775999999995,127.668212,209.61746399999998,0.006774885,0.001855464,0.010827608999999998,25:28.661817,1
15681.107985846344,9304.438981351166,1466.718919437547,4922.641526090685,1872.1598724926746,17237.542331070174,14541.637459363566,4183.419757049107,57.926959999999994,127.19210000000001,209.27563999999998,0.002624505,0.0039062399999999996,0.007019025,25:28.670235,1
15886.448794249762,9024.026442037413,1256.8603588679757,5149.862702618957,1811.5020505243324,17231.60351936651,14469.864182840665,4426.258691044963,58.56482799999999,126.53591999999999,209.19323599999998,0.00280761,0.004736316,0.008801247000000002,25:28.681719,1
15730.415495769208,9171.38333565622,1502.4827547951056,4997.550537033734,1815.9804739360425,17099.97650584828,14404.311993900856,4291.7915561920145,61.1163,123.91119999999998,208.86362,0.0035400300000000004,0.00805662,0.015930135,25:28.689860,1
15994.715506238572,9190.42879432121,1476.9900741995427,4941.424982974755,1913.654597623843,17286.879725005452,14495.728834755413,4329.95758510121,60.42959999999999,124.04854,208.997908,0.003991689,0.006799299,0.015673788,25:28.701866,1
15825.331354451777,9203.459285027217,1483.3085454053894,4946.252036199718,1857.771153680668,17165.36971758924,14530.973811201711,4346.2670306570335,57.6828,124.59790000000001,209.53506,0.005798325,0.0017700150000000002,0.0146484,25:28.711598,1
15999.786119696353,9174.501824234469,1474.7001023245382,4934.8469937939935,1923.4999581475927,17283.251281521283,14450.511622599239,4299.923228315613,56.819084,125.33037999999999,209.620516,0.0060424649999999995,0.002209467,0.014221155000000003,25:28.721817,1
15800.419729066994,9217.80838542186,1448.1395202619099,4998.056607812609,1835.5315932419478,17140.96867456099,14502.281815758246,4343.019661667195,53.36422,128.2603,209.96233999999998,0.007019025,0.003967275,0.012512175,25:28.729971,1
16005.946029327455,9295.564726085737,1544.2948755821096,4861.127917944619,1962.6094218188318,17379.69980296529,14486.168223938806,4164.535253305696,54.00208799999999,128.394588,209.940976,0.007128888,0.0037231350000000002,0.012438933000000001,25:28.748704,1
15808.541346409005,9121.25878928156,1388.8741055049402,5096.819883663955,1773.6222820103642,17117.412885492253,14493.238287657727,4429.382370655058,56.55355999999999,128.93174,209.85551999999998,0.00756834,0.0027465750000000002,0.012145965,25:28.749984,1
15985.281374620885,9145.652480132125,1446.9175442103256,4960.2740429325295,1929.54431996591,17294.246502638547,14523.141030906801,4332.879401577294,57.594291999999996,128.38237999999998,209.62356799999998,0.008691384,0.004443348,0.012561003000000001,25:28.762032,1
15799.189834568411,9215.728928393268,1453.7983141753598,4964.553101205061,1842.34247825836,17152.13459798012,14489.986876567975,4287.531610040096,61.75722,126.18494000000001,208.69575999999998,0.01318356,0.01123044,0.014221155000000003,25:28.769921,1
16031.853075330253,9192.480951804813,1411.6170349520096,4984.2892600790055,1945.5049567527324,17323.701047461924,14509.441899100271,4262.581941705629,61.644296,125.898052,208.52484799999996,0.010607883,0.011120577,0.01428219,25:28.781940,1
15803.631083881919,9172.411735000136,1512.3420823539145,4973.962748294872,1775.6863037774015,17087.172552276672,14416.771918213979,4352.4163561768,61.19259999999999,124.75049999999999,207.8412,0.000305175,0.010681125,0.01452633,25:28.789963,1
16029.3818884666,9191.221515906354,1445.8139847077014,4978.279799240039,1846.7369935676488,17232.326609154814,14431.676976328357,4317.034181427641,60.161024,125.18083199999998,208.0701,0.0026000909999999997,0.008923317,0.012390105,25:28.802530,1
15847.957355588474,9150.41230203152,1405.1763679955152,5020.634999526954,1817.5863057931288,17126.198534301402,14436.536428455807,4320.089824999823,56.03472000000001,126.90216000000001,208.9857,0.011779755,0.001892085,0.003845205,25:28.814644,1
16023.683099689946,9164.940333025395,1438.629390219688,4950.070306854175,1950.1111375502019,17313.603360515786,14491.84729584603,4277.006741172473,55.92179599999999,127.28976399999999,209.205444,0.009790014,0.004064931,0.004675281,25:28.822068,1
15816.259145394255,9186.136103658888,1433.8809935434833,5046.12761817273,1799.242632650481,17171.755607055995,14537.529455995716,4284.336156434726,55.47009999999999,128.84018,210.08442,0.00183105,0.012756315,0.007995585,25:28.832839,1
16053.523114581723,9170.383592081678,1443.2622397368475,4973.006472221676,1895.1435108098606,17279.705868992318,14464.86058801429,4277.531666403609,56.410115999999995,128.44036799999998,210.041692,0.002502435,0.011498994000000002,0.006457502999999999,25:28.844960,1
15832.110044974193,9134.65907075076,1435.2480004125305,4999.312290958995,1826.5312214615237,17107.309700291626,14431.782291318323,4325.482194877031,60.170179999999995,126.84112,209.87078000000002,0.005187975,0.006469710000000001,0.000305175,25:28.856506,1
15993.434578418766,9191.853563953988,1450.32042153857,4998.9430051260815,1885.0965179534337,17263.252306670875,14480.977894234928,4293.624442037147,60.49064,126.85027599999998,209.73343999999997,0.004357899,0.005310045,0.001501461,25:28.862141,1
15855.59624643847,9185.088869468053,1355.4742623141608,4968.62525875344,1853.4990818275096,17167.17859661142,14462.75088739178,4256.39030689224,61.772479999999995,126.8869,209.18408,0.001037595,0.000671385,0.006286604999999999,25:28.870326,1
15991.949365481687,9152.41416484574,1472.9671497313766,4979.430798225822,1883.928633154984,17259.148748101426,14462.022376954925,4309.411099248151,61.19259999999999,127.158528,209.32447199999996,0.00329589,0.0008544900000000001,0.005346666,25:28.886381,1
15856.952093349895,9141.197115740546,1386.4147172223188,5090.732816961883,1767.6031222406964,17099.055453855384,14406.089591521584,4293.850093034241,58.873079999999995,128.24504,209.88603999999995,0.012329070000000001,0.00158691,0.00158691,25:28.890206,1
16006.196326327272,9206.346863342722,1522.8927216797645,4948.267279167168,1910.7826034135821,17283.792888526903,14482.247554416139,4292.079505113515,58.555671999999994,128.113804,209.879936,0.010790988000000001,0.001696773,0.0033203040000000005,25:28.902275,1
15847.363671552559,9073.562367302478,1339.756101322897,5054.369101900901,1812.4703148757385,17153.526798070572,14489.512938918948,4311.717695929355,57.28604,127.58886,209.85551999999998,0.00463866,0.002136225,0.01025388,25:28.910206,1
15985.598833789665,9234.45066962075,1503.7290225625134,4902.937635952392,1926.9072757999115,17266.509709522572,14451.18487005214,4248.5090075589205,57.588188,127.356908,209.660192,0.007080060000000001,0.002746575,0.009875463,25:28.922320,1
15860.141354153919,9190.729231565687,1473.7007923748338,5008.464209840631,1804.4617103657408,17134.724675909012,14426.44573429644,4328.781637695969,58.79678,126.42909999999999,208.87887999999998,0.016845660000000002,0.005187975,0.008361795,25:28.930316,1
15917.791614927433,9218.546075758963,1460.5764685531703,4971.643757618889,1894.8007158981159,17302.271515478413,14545.395332924556,4234.35453464729,58.873079999999995,126.70988399999999,208.76595600000002,0.015100059000000002,0.005688462,0.007238751,25:28.947436,1
15582.92368153898,9167.15752454506,1380.929235084208,5026.786648756126,1828.204100336568,17124.448222766347,14450.51018759829,4348.950228092347,59.178279999999994,127.83301999999999,208.31426000000002,0.008117655,0.00769041,0.0027465750000000002,25:28.960150,1
15594.825435743554,9159.383844226366,1484.6544159112968,4975.650957915458,1905.848680088054,17252.05979913199,14440.72015362469,4313.475458110344,58.964639999999996,128.30608,208.411924,0.011730926999999999,0.0073852349999999995,0.0023559510000000002,25:28.963774,1
15387.043733601156,9179.866467037204,1440.0662373789564,4997.735367779093,1841.498921629994,17155.380748128224,14427.482670899135,4286.583635875576,58.110079999999996,130.19832,208.80257999999998,0.026184014999999998,0.0061645350000000005,0.000793455,25:28.970325,1
15454.49229772382,9128.082570929942,1399.087945491659,4948.388250456095,1901.8365494714635,17283.093222161795,14503.331608087808,4296.261864284717,57.99105199999999,129.807664,208.918556,0.025610286000000003,0.007202130000000001,0.001538082,25:28.982454,1
15282.518155334594,9261.115921301694,1473.2200759917996,5015.774216295282,1840.1078857819707,17185.700818636877,14480.91728113194,4251.643201751777,57.51494,128.24504,209.38245999999998,0.023315370000000002,0.01135251,0.00451659,25:28.990467,1
15392.181119476203,9136.762549444518,1455.3010235684953,4987.4000654279025,1887.3182624477256,17245.690042506165,14457.974232277867,4371.080967270946,57.74689199999999,127.60106799999998,209.315316,0.019262646,0.012561002999999998,0.005529771,25:29.002527,1
15224.083395596772,9147.290661270537,1414.6499674246563,5017.564083031268,1804.9024997178851,17158.238566240063,14521.835813582968,4295.417909912598,58.674699999999994,125.02518,209.04674,0.00305175,0.017394975,0.009582495,25:29.010451,1
15332.395150241795,9322.18581580668,1579.1427573595051,4870.24421417225,1984.885650366085,17319.370289544928,14521.416939480163,4254.547119676992,58.464112,125.080116,209.196288,0.004296864,0.016625934000000002,0.009240699,25:29.023904,1
15122.018482602823,9090.598412015854,1312.2790896392103,5047.2608272748785,1799.2343112458373,17125.335712603563,14372.139411845352,4295.838120526028,57.621759999999995,125.29986,209.79447999999996,0.00927732,0.01354977,0.007873515,25:29.030444,1
15233.009613846287,9198.453300491905,1500.2382470584114,4984.797044126377,1901.8589035922917,17233.367958321684,14443.750593651124,4300.250169383655,57.18227199999999,126.004872,210.096628,0.010656711000000001,0.011303682,0.0063232259999999995,25:29.042652,1
15119.42833870956,9179.020749955054,1353.0999089475506,5068.915215688208,1789.6939276423764,17147.93301127833,14453.309364683719,4340.287554870108,55.42431999999999,128.82492,211.30522000000002,0.016174275000000002,0.00231933,0.00012206999999999999,25:29.057387,1
15194.071069896963,9185.022942353495,1495.0111437899643,4939.539188285113,1927.3172302558676,17253.368177583667,14454.25976606166,4244.930838790471,55.854652,128.46173199999998,211.39983199999998,0.015637167,0.002478021,0.0018432570000000003,25:29.062590,1
15116.76927342134,9161.425083081713,1446.2890119739418,5011.245925982645,1813.5112312410267,17228.415158683438,14552.440999877701,4307.526670530014,57.575979999999994,127.00898,211.77828,0.013488734999999998,0.003112785,0.008728005,25:29.070596,1
15217.094763795529,9179.365137411052,1480.956666928369,4946.034809070125,1921.2313290373081,17256.10712970224,14483.358509173087,4273.42236853593,58.35118799999999,126.233772,211.601264,0.012878385000000001,0.0030517499999999998,0.011340303,25:29.087460,1
15110.718619160456,9155.674291754625,1370.7028759585726,5075.37154037476,1805.3090607659717,17136.142375591637,14462.843152975493,4303.204310041329,61.45201999999999,123.13293999999999,210.89319999999998,0.010436985,0.00280761,0.021789495,25:29.093412,1
15136.647489634086,9176.28979717143,1416.8218388291891,4971.21509466806,1854.4131278732973,17203.947122232967,14412.972036426643,4304.8153371357685,61.088832000000004,123.47781599999999,210.7406,0.009777807,0.002941887,0.021704045999999998,25:29.102694,1
14982.714302559933,9211.97078971539,1492.8254988325675,4974.799679532563,1862.4959782527098,17172.526253363634,14415.43810154328,4277.895101890112,59.63608000000001,124.85731999999999,210.1302,0.007141095,0.003478995,0.02136225,25:29.110599,1
14976.900205273769,9196.11269430939,1452.9983068057868,4962.297478260942,1903.0274252592367,17219.50711134214,14417.362677772404,4276.605088183218,58.436644,125.73324399999998,210.31332000000003,0.008447244000000001,0.006799299,0.018176223,25:29.122721,1
14810.953509272547,9160.476610670246,1381.991380190247,5063.014844243115,1791.7510517566457,17212.537473040466,14534.92373300075,4302.455549963056,53.6389,129.23694,211.04579999999996,0.013671840000000001,0.020080515,0.005432115,25:29.133733,1
14771.504528733692,9130.699110759542,1444.5049772697605,4981.89466685197,1886.4478420498217,17230.422843525652,14440.70258428292,4298.576519582398,53.91663200000001,129.081288,210.94813599999998,0.011560029000000001,0.021105903000000002,0.004541004,25:29.148017,1
14639.657204834322,9217.541633696388,1449.2190762100831,5042.6906966895895,1834.817541092692,17181.93801118616,14463.650521283469,4283.671234818032,55.027559999999994,128.45868,210.55748,0.003112785,0.025207455,0.0009765599999999999,25:29.158164,1
14677.684992988648,9219.073456308195,1497.020883777624,4877.881727006546,1963.3780674317866,17318.013832201224,14606.730151274056,4270.903655196204,55.65932399999999,128.17789599999998,210.371308,0.003515616,0.02429193,0.0009765599999999999,25:29.162851,1
14563.49570643087,9136.639206263924,1406.345260511919,5034.046447195082,1762.0413841684192,17093.069239237066,14356.549310522478,4326.930524600781,58.18638,127.05475999999999,209.62662,0.00512694,0.020629830000000002,0.0009765599999999999,25:29.172302,1
14588.990388063885,9255.496737284775,1511.8755743087463,4948.948948159861,1933.1203960804255,17249.608048512928,14452.277281777346,4279.525624131127,58.23216,127.58885999999998,209.467916,0.006384261,0.019750926000000002,0.001306149,25:29.182783,1
14424.860161482695,9115.583195440844,1316.3143826462833,5055.473920927048,1800.1594898883172,17177.45590112171,14442.582752788026,4312.34240043756,58.415279999999996,129.72526,208.8331,0.011413545,0.01623531,0.002624505,25:29.191990,1
14452.93001371917,9166.899786762744,1490.6902487281614,4960.313548730775,1909.4184227994206,17228.40577925779,14476.154995040462,4282.64559743519,58.47632,129.64896,208.77511199999998,0.013281216000000002,0.015612752999999998,0.003063957,25:29.226800,1
14397.567209054454,9224.25213487496,1459.0670540711121,5039.131636416859,1821.094474950053,17189.97304138951,14450.016715511001,4317.212357157508,58.720479999999995,129.34376,208.54316,0.0207519,0.013122525,0.004821765,25:29.226802,1
14351.3475047401,9211.251575866616,1438.1431407923947,4946.767637159867,1907.1029432924436,17252.66620202641,14493.252680831525,4239.524876504549,59.29120399999999,128.5655,208.41497599999997,0.017407182,0.011645477999999999,0.006567366000000001,25:29.226804,1
14270.308841994358,9115.451477009496,1369.0538802559263,5047.870378394595,1808.3719612514876,17174.901394701235,14443.00323497006,4293.675982610812,61.5741,125.45246,207.90223999999998,0.00402831,0.00573729,0.01354977,25:29.230947,1
14298.431617479431,9221.632035301285,1514.0334225626561,4931.694055426849,1908.377890595152,17244.49816253797,14506.549196481768,4280.243138718669,61.53747599999999,125.34563999999997,207.84730399999998,0.003649893,0.005468736,0.014514123,25:29.242995,1
14230.773264472862,9142.886524527343,1384.2394927491964,5082.266769150207,1826.9914404467158,17191.480535683244,14446.503551642512,4329.007511625183,61.39098,124.91835999999998,207.62756,0.002136225,0.00439452,0.018371535,25:29.251868,1
14204.027746558273,9237.935588361079,1514.6149569185375,4939.913472719102,1852.4458786574182,17190.782351616872,14454.483356582461,4287.46241405501,60.463172,125.602008,207.755744,0.0021484319999999996,0.005969223,0.014916954000000001,25:29.263223,1
14152.561705220758,9182.957257803295,1430.7013330042853,4971.080147790351,1876.7662797588223,17199.027783614074,14430.26208706251,4261.524525280501,56.751940000000005,128.3366,208.26848,0.00219726,0.012268035,0.00109863,25:29.273082,1
14122.766989876613,9182.649579888393,1454.3745300565715,4985.085980152215,1858.4537015028513,17217.474646348717,14474.944070433607,4309.613380428959,56.556611999999994,128.635696,208.39666399999996,0.0035034090000000003,0.012341277000000001,0.003735342,25:29.286343,1
14089.46107336725,9154.47936194435,1350.2987524352943,5090.519413148764,1834.685007793978,17206.632362863485,14450.139392972595,4271.212609572108,55.775299999999994,129.83208,208.90939999999995,0.008728005,0.012634244999999999,0.01428219,25:29.291105,1
14080.757434834417,9212.496043615474,1468.6923177221427,4945.43120333184,1914.079581919079,17229.100195636966,14469.398117721106,4315.323859891161,56.800771999999995,129.291876,208.842256,0.007031232,0.010803195,0.012097136999999999,25:29.303032,1
14027.771666924902,9153.027021508531,1431.2733981660635,5011.090490775229,1815.976796362274,17204.935677591933,14460.225443485304,4259.000081742664,60.90265999999999,127.13105999999998,208.57368000000002,0.00024413999999999998,0.003478995,0.003356925,25:29.311648,1
13955.463701188131,9193.10184130043,1444.3987129605323,4973.872462161707,1881.7610785057864,17228.138505881037,14515.33915677478,4276.087123270405,61.262796,126.694624,208.46380799999997,0.0006225569999999999,0.0029296799999999996,0.004980455999999999,25:29.323358,1
13949.673292137877,9208.525422649796,1501.483760607623,4940.8386608946,1847.2807047386214,17207.262438719197,14511.326288380154,4286.213009927137,62.703340000000004,124.94887999999999,208.02432,0.002136225,0.00073242,0.01147458,25:29.331187,1
13949.26437441927,9180.552132744957,1428.8417666490325,4985.523075751527,1900.793665475486,17234.95872100305,14401.13478571747,4284.149569828487,62.028847999999996,125.26933999999999,208.03042399999998,0.0037109279999999996,0.001269528,0.009741186,25:29.343156,1
13900.263071145793,9184.279736920322,1405.7990246894165,5051.89997095927,1825.5144642477655,17142.95454019063,14381.394225731794,4318.208041575106,59.33088,126.55117999999997,208.05483999999996,0.01000974,0.0034179600000000003,0.00280761,25:29.354829,1
13916.867925384777,9233.199767044665,1501.399734344072,4948.653339780067,1897.4661337498605,17248.063471773537,14504.352730148268,4246.6354609285945,58.833403999999994,126.61832399999999,208.137244,0.008776833,0.0037841700000000008,0.0038085839999999994,25:29.366021,1
13827.746372597718,9094.478058166165,1355.8959997929458,5082.720811985826,1778.3793307593328,17154.48921144243,14399.85512635718,4312.419500260482,56.84349999999999,126.8869,208.46686,0.003845205,0.00524901,0.007812479999999999,25:29.371157,1
13865.360557625163,9227.382286305647,1465.3843982583414,4933.426147051261,1893.013212452333,17195.963598504706,14470.046649109281,4285.140681290856,57.289092,126.90216000000001,208.476016,0.004772937,0.004821765,0.006628401000000001,25:29.383226,1
13826.510772932359,9183.915661713178,1350.2786980304058,5027.222354717085,1834.8577752374651,17259.991282025534,14562.610997428652,4212.865823389658,59.07145999999999,126.9632,208.51263999999998,0.008483865,0.003112785,0.001892085,25:29.394295,1
13831.78834455795,9148.491321094807,1478.6930134755717,4985.998376330172,1869.9550614241293,17191.684041611363,14412.570855723749,4355.392765865733,59.36139999999999,127.036448,208.439392,0.00830076,0.002844231,0.0031371990000000002,25:29.403371,1
13861.793394019545,9235.166849055324,1521.0110618827216,4998.972034195965,1878.3008801043015,17229.986555507498,14443.868178250403,4216.809794991476,60.521159999999995,127.32944,208.1464,0.00756834,0.0017700150000000002,0.008117655,25:29.411304,1
13764.528712425326,9122.679038535358,1326.8648800489739,5045.768012035065,1836.6097088070328,17182.899614912327,14463.337162844487,4343.148674126942,60.02673599999999,127.387428,208.20744,0.006152328,0.001489254,0.006628401000000001,25:29.423301,1
13738.647111199054,9186.604708491468,1486.7270997779328,4946.054683427234,1877.5940326309515,17196.148832510855,14418.082364530486,4227.50367135104,58.049040000000005,127.61938,208.45159999999996,0.00048827999999999995,0.00036621,0.000671385,25:29.432829,1
13791.78918188088,9209.116421300932,1478.2899607140494,4982.549465599026,1857.074573533972,17168.81051717999,14409.384689549019,4296.663948107773,57.701112,127.78724,208.60725199999996,0.001232907,0.000585936,0.003271476,25:29.444838,1
13787.001803094807,9213.659608174445,1371.1631076108483,5036.868993438429,1787.0473532833516,17219.845644240715,14501.656876041965,4313.330766877308,56.3094,128.45868,209.22986,0.0042114150000000005,0.00146484,0.013671840000000001,25:29.451845,1
13703.268272316418,9178.052318812363,1469.5457725810193,4989.120873212194,1915.0947625079866,17201.35191648059,14432.266356387296,4266.207460561631,56.69700399999999,128.348808,209.18713200000002,0.0041015520000000005,0.0015747030000000002,0.011267061,25:29.466600,1
13703.650239179336,9127.50020055989,1358.1944726437828,5055.957895516143,1820.1975764877075,17186.160316629448,14445.750644512029,4271.368115858539,58.24742,127.90932000000001,209.01621999999998,0.0036621,0.002014155,0.001647945,25:29.471470,1
13686.718791372457,9194.554744551278,1468.0074291077494,4993.079129772597,1860.3221404883163,17243.698980199282,14510.271442262052,4274.540701346402,58.56788,127.50950800000001,208.96128399999998,0.0033080970000000003,0.002514642,0.002880852,25:29.483481,1
13676.595391118997,9172.669502830508,1400.0879245106605,5009.210101950599,1874.7740539344109,17204.33056699891,14428.93050747845,4237.802331406306,59.849720000000005,125.91026,208.74154,0.001892085,0.00451659,0.007812479999999999,25:29.494098,1
13639.190554300523,9173.746750024258,1459.4658291245194,4985.798705796615,1837.5435262360395,17163.96675765316,14440.493423957407,4301.593580210405,59.57504,125.9713,208.897192,0.00207519,0.003625479,0.007861308000000001,25:29.503444,1
13702.13526320909,9154.144547314023,1401.4421693325955,5020.636564327113,1829.9122235277573,17185.776057185354,14390.852616882845,4289.107573108113,58.47632,126.21545999999998,209.51979999999998,0.00280761,6.1034999999999994e-05,0.00805662,25:29.511464,1
13641.224320568532,9229.544975406661,1469.9100935620436,4994.088563185541,1814.2585926629424,17164.10305756027,14465.755794830231,4254.304214368161,58.01851999999999,126.53286799999998,209.46486399999998,0.005187975,0.001086423,0.006579573,25:29.523630,1
13655.211437737355,9120.418013228984,1368.2601114955787,5037.7658192158615,1893.8139107908005,17231.651115650115,14400.31527217089,4301.296301186952,56.18732,127.80249999999998,209.24512,0.014709434999999998,0.005187975,0.000671385,25:29.531634,1
13571.50424388503,9219.482266040888,1412.3269657898804,4967.750176106821,1850.2301294909703,17194.16787610719,14491.238565609578,4216.516341006961,56.501675999999996,127.363012,209.30005599999998,0.015295370999999999,0.004833972000000001,0.0012207000000000001,25:29.552072,1
13586.537624054556,9156.564357148189,1436.353535544504,5063.158099562514,1812.0889134021975,17168.69516035511,14417.308363163454,4291.736141802078,57.759100000000004,125.60506000000001,209.51979999999998,0.017639115,0.0034179600000000003,0.0034179600000000003,25:29.552075,1
13523.481954862806,9142.087577345123,1369.5527175145949,5017.397576988235,1839.5066323983508,17194.29753157215,14495.159659488927,4300.500740133271,58.04903999999999,125.81564799999998,209.449604,0.018212844,0.0034667880000000006,0.0031371990000000002,25:29.568945,1
13579.616973473472,9272.419884993267,1517.3156239502691,4966.077541993683,1906.5602891539434,17281.966677088334,14437.330885624333,4179.81347296052,59.2088,126.65799999999999,209.16881999999995,0.02050776,0.0036621,0.002014155,25:29.571657,1
13521.398325031909,9168.349421989478,1454.2689121196188,4995.230376805608,1815.7354031411567,17121.120838681352,14425.103196796626,4347.6447519129415,59.114188,127.33859599999998,209.223756,0.018212844,0.004919421,0.00268554,25:29.583588,1
13525.27778318832,9134.18467564039,1384.0576660299444,5034.290596575319,1851.0918719293345,17210.25530129972,14394.388447583324,4228.8981086737085,58.73574,130.06098,209.4435,0.00903318,0.009948705,0.00537108,25:29.594406,1
13512.255397507364,9111.47150043304,1334.6371810248568,5017.044100273483,1825.9628956605152,17165.034767793368,14478.5471737199,4337.789628335742,58.650284,129.896172,209.46486399999998,0.010717746,0.009558081,0.004785144,25:29.603658,1
13502.536992481531,9184.394082360664,1425.34396914111,5056.647886992942,1813.7776977813805,17218.955841202463,14441.176794073186,4238.004145352459,58.30845999999999,129.23694,209.55032,0.01745601,0.007995585,0.0024414,25:29.611694,1
13497.32190982799,9263.275357744706,1514.2294982356082,4937.121586016505,1889.8996288242365,17164.252893669585,14429.590609062896,4256.312107363953,58.738792000000004,128.498356,209.416032,0.017590287000000003,0.006481916999999999,0.002001948,25:29.623814,1
13544.86902487227,9114.943996125452,1373.3325805186607,5078.040081320459,1804.3800798021275,17197.019122652768,14417.06990432085,4263.999244068405,60.460119999999996,125.54402,208.87887999999998,0.018127395,0.00042724500000000003,0.00024413999999999998,25:29.632882,1
13519.509953412216,9138.828186314327,1344.5832114130706,5059.597879777841,1863.9662178467988,17186.97067063712,14497.034241179877,4338.26662490817,60.44485999999999,125.70272399999999,208.79647599999998,0.017053179,0.000683592,0.00231933,25:29.644220,1
13577.18003815172,9227.813649768741,1510.2706944348324,4928.76759061511,1856.5327269626657,17195.9892697844,14381.05102736949,4214.0543827941965,60.38382,126.33753999999999,208.46686,0.012756315,0.0017089800000000001,0.01062009,25:29.651986,1
13481.271759743362,9176.759900919595,1412.6056200541063,4983.076495646519,1860.9512903175794,17195.73762222161,14471.113007545215,4252.283128048415,60.32278,126.57559599999999,208.472964,0.013525355999999999,0.0020263620000000003,0.013476527999999998,25:29.670482,1
13610.231935010243,9189.285630260074,1402.8786449130348,5058.270488179671,1846.9803760831815,17251.638078869684,14466.797096405024,4270.978952086527,60.07861999999999,127.52781999999999,208.49737999999996,0.01660152,0.00329589,0.02490228,25:29.671866,1
13471.658099095066,9183.670852104684,1458.6559608745215,4988.208647667093,1826.8003430144145,17111.08330344599,14417.63563167494,4282.976689005998,60.06335999999999,127.271452,208.418028,0.013891566000000003,0.005541978,0.025122005999999995,25:29.683911,1
13591.37654637181,9167.534341143746,1404.5316715168362,5062.773915728566,1787.8809539622803,17204.755810278577,14435.010204097049,4271.511365541254,60.00232,126.24597999999999,208.10062,0.00305175,0.01452633,0.02600091,25:29.691924,1
13502.114368041317,9209.456932910298,1483.6601784358986,4911.71950281059,1916.9721695758908,17220.64172525343,14528.013842955746,4273.636743493373,59.68185999999999,126.206304,208.079256,0.003124992,0.016284138,0.026269464000000003,25:29.703947,1
13562.250682589252,9127.893497369178,1335.0908731833035,5060.592052111844,1826.0408577409094,17180.52851808635,14361.232518999072,4273.519073075293,58.40002,126.04759999999999,207.99380000000002,0.0034179600000000003,0.023315370000000002,0.027343680000000002,25:29.712675,1
13494.473718303963,9214.749410604796,1415.01208972816,5016.374383272783,1829.193679737598,17123.676094894396,14439.099601867289,4267.713077869673,58.235212000000004,126.38637199999998,207.91749999999996,0.0029418870000000002,0.024365172,0.027392508000000003,25:29.724012,1
13569.515750514267,9208.780131594429,1499.157251137152,4949.983215534557,1918.739333059982,17312.76193191684,14491.949057000205,4186.0467342200955,57.575979999999994,127.74145999999999,207.61229999999995,0.001037595,0.02856438,0.027587819999999996,25:29.731969,1
13446.577773329813,9139.112221880805,1377.2028794120422,5052.0425973545825,1794.9791667340783,17098.97177321306,14395.043214564526,4317.393047044433,56.98389199999999,128.110752,207.731328,0.002514642,0.0280761,0.025573665000000002,25:29.744035,1
13398.192022332625,9153.968016323368,1418.5310563527337,5021.878388625575,1856.5294416608842,17221.86091553187,14450.90465880988,4257.439513345978,54.615539999999996,129.58792,208.20744,0.008422830000000001,0.02612298,0.017517045000000002,25:29.753245,1
13252.94822446759,9222.283589650819,1443.4655240153454,4978.813127703033,1864.583663643539,17214.175505643736,14537.368177735596,4259.725012368844,54.490408,129.563504,208.302052,0.008105448000000001,0.025683528,0.015600546000000002,25:29.764108,1
13244.082032496106,9205.30762596705,1432.9436093065594,4989.908312365865,1849.3691444846143,17197.860513526728,14381.237270030568,4293.661148527705,53.98987999999999,129.46584,208.6805,0.0068359200000000005,0.02392572,0.00793455,25:29.777243,1
13083.920175865871,9188.375165903617,1458.9234287096128,4966.421212139236,1887.1916073188245,17175.847182862002,14466.692015424062,4203.996027010089,54.4782,129.081288,208.81173600000002,0.005895981,0.024157653,0.009094215,25:29.784057,1
13152.784771467623,9176.636558392483,1375.5901744996468,5064.298089311887,1795.1878084502034,17218.166533008964,14440.312329833821,4313.870256059403,56.43148,127.54307999999999,209.33667999999997,0.002136225,0.025085385000000005,0.013732875,25:29.792121,1
12991.04159890947,9178.216455117978,1422.4509976779605,4992.263727033931,1852.0020544044353,17125.849073798356,14436.913351545527,4283.998644094882,56.74278400000001,127.42405199999999,209.379408,0.003869619,0.024304137,0.016625934000000002,25:29.805687,1
13054.487954097156,9116.02571162801,1372.9671852846825,5115.314544643346,1811.9778488119446,17231.287255085317,14433.88859653878,4259.327644290834,57.988,126.94793999999999,209.55032,0.010803195,0.021179145,0.02819817,25:29.812074,1
12953.189111326035,9298.38737340122,1572.202451006962,4818.237296230362,1951.5097670926475,17221.396858136777,14487.606926676915,4198.814675102333,57.65228,126.87469199999998,209.681556,0.008996559,0.019103955,0.02893059,25:29.824128,1
13007.53967027321,9117.982147552493,1357.286350400653,5069.988085555352,1836.7403223030408,17211.961262034532,14437.483456057842,4295.824222282223,56.3094,126.5817,210.20649999999995,0.0017700150000000002,0.010803195,0.03186027,25:29.832190,1
12908.341875104992,9252.021015419725,1485.026337894849,4967.379757864357,1823.741675332884,17142.395967068576,14466.135017040535,4281.13596308366,55.894327999999994,126.691572,210.34078799999997,0.001806636,0.009716772,0.029687424,25:29.844956,1
12946.450545362679,9136.098714089134,1367.9371675720222,5067.006738922921,1819.6301368608952,17200.55734966253,14387.39276393777,4244.006056117528,54.23404000000001,127.13105999999998,210.87794,0.0019531199999999998,0.00537108,0.02099604,25:29.852260,1
12826.368308913348,9208.44491255227,1446.9456788117373,4968.86469018337,1892.8854480785703,17181.240174138995,14463.27480048551,4225.817508649781,54.243196,127.20125599999999,210.83216,0.0033813389999999997,0.0046630740000000006,0.01892085,25:29.864296,1
